1.000000000000000000e+00 0.000000000000000000e+00 0.000000000000000000e+00 0.000000000000000000e+00 0.000000000000000000e+00 1.000000000000000000e+00 0.000000000000000000e+00 0.000000000000000000e+00 0.000000000000000000e+00 0.000000000000000000e+00 1.000000000000000000e+00 0.000000000000000000e+00
9.999999295171737579e-01 -1.859075153418861021e-04 3.261963261588461389e-04 6.155180994407489781e-01 1.859212218386605301e-04 9.999999818350969738e-01 -4.198934327222943571e-05 3.344814946986120804e-03 -3.261885140990429467e-04 4.204998713222057931e-05 9.999999459164244930e-01 1.671937270169016358e-03
9.999998722742903245e-01 -3.284446971436916804e-04 3.841555465389787983e-04 1.007494811573643290e+00 3.284021036305028785e-04 9.999999399229045904e-01 1.109335188858462943e-04 -3.803329036001102531e-04 -3.841919589860429553e-04 -1.108073472271791363e-04 9.999999200591320747e-01 9.238161394309685540e-04
9.999999098458126623e-01 -2.739095154942876873e-04 3.244717919879649059e-04 1.658896606902127369e+00 2.737950424710844464e-04 9.999999002877497656e-01 3.527899733201590076e-04 5.583784922045873303e-03 -3.245683921648157173e-04 -3.527011027465976577e-04 9.999998851286389101e-01 -6.223578156079794064e-04
9.999999337944144306e-01 -2.538632202379772205e-04 2.607002724829718897e-04 1.964999708518229804e+00 2.537812976395517465e-04 9.999999184286681997e-01 3.142255718555566225e-04 6.755104861050750288e-03 -2.607800215328558006e-04 -3.141593901986229230e-04 9.999999166488254820e-01 -1.691971161457796798e-03
9.999999215998242041e-01 -1.903458211951478669e-05 3.955224773023685125e-04 2.455657879654813414e+00 1.892469149928595326e-05 9.999999612238154034e-01 2.778384849048486744e-04 5.521096897187253820e-03 -3.955277505049727940e-04 -2.778309779813986245e-04 9.999998831838663449e-01 -8.794380943000419150e-04
9.999999386298115134e-01 -2.348438986041250984e-04 2.599783000706193501e-04 2.695682533284859517e+00 2.347016438203642101e-04 9.999998228121362853e-01 5.470747978491486601e-04 1.234632935824722492e-02 -2.601067311839747151e-04 -5.470137469406809129e-04 9.999998165602077549e-01 -2.826810457682428328e-03
9.999999655617776151e-01 -8.655792202678705134e-05 2.477582887413994918e-04 3.124576968585930370e+00 8.649665302739537607e-05 9.999999656821330074e-01 2.472934730483587772e-04 3.086671542316820824e-03 -2.477796854480213682e-04 -2.472720342692752839e-04 9.999999387308824428e-01 -1.991066023129367882e-03
9.999999836527918573e-01 -1.003850253751504895e-04 1.503903680361697384e-04 3.452514318371852298e+00 1.003188867358236277e-04 9.999998982899984679e-01 4.397227692374478577e-04 1.328753488145332021e-02 -1.504344943213130933e-04 -4.397076750549110688e-04 9.999998920133058578e-01 -1.376197538988372391e-03
9.999999488559988547e-01 -2.720226946130068890e-04 1.682012286615886172e-04 4.072922516717266461e+00 2.719141318349465502e-04 9.999997549412362741e-01 6.451202773912524408e-04 1.223221375703000338e-02 -1.683766747986089468e-04 -6.450745081061550618e-04 9.999997777640624586e-01 -9.052281448682036966e-04
9.999999432970013702e-01 -2.246976185086466907e-04 2.508325622045444068e-04 4.501315690658344693e+00 2.245233041992041479e-04 9.999997334524320936e-01 6.947548852980091729e-04 6.546562117269704925e-03 -2.509886051139086907e-04 -6.946985281476568972e-04 9.999997271993003034e-01 -4.306746539169665588e-04
9.999999851307415089e-01 -1.247432974580968315e-04 1.190698389601505588e-04 4.799543801051056491e+00 1.246477350807529414e-04 9.999996704333240505e-01 8.022444673109385607e-04 1.195318462493625590e-02 -1.191698743389194048e-04 -8.022296135964154373e-04 9.999996711130400007e-01 9.037383733733780726e-04
9.999998702991389488e-01 -4.568768225574032613e-04 2.250894808179325737e-04 5.115714475213707146e+00 4.566917062040733101e-04 9.999995580563777464e-01 8.217783974955639214e-04 8.523201736996870864e-03 -2.254648328441661990e-04 -8.216754944111547129e-04 9.999996370074296648e-01 1.329387180133816950e-03
9.999999910538391878e-01 -8.220739032725483258e-05 1.055190336061771712e-04 5.464755996772431956e+00 8.211888609317520896e-05 9.999996451022827859e-01 8.384818405695588063e-04 1.270872160666961133e-02 -1.055879255616630285e-04 -8.384731679628641644e-04 9.999996429069045734e-01 3.690558201195808311e-03
9.999999387962306141e-01 3.434262189335815247e-04 -6.682789264666019096e-05 6.108370076522866121e+00 -3.433679176435282428e-04 9.999995621865724882e-01 8.704740872455137522e-04 1.383353384627691689e-02 6.712680701297384263e-05 -8.704510874148797556e-04 9.999996189043754979e-01 6.834589864231061136e-03
9.999998505400169435e-01 5.434054804573424822e-04 -6.025303010803276677e-05 6.836652084093267412e+00 -5.433422455399756568e-04 9.999993068099212179e-01 1.044585506970322278e-03 2.424298968834715309e-02 6.082062183052405405e-05 -1.044552612829910757e-03 9.999994526051956267e-01 1.378793684945649363e-03
9.999974363883914474e-01 -2.263942598150514920e-03 4.219664908452566433e-05 7.179882965083661972e+00 2.263899015773777022e-03 9.999969316049859280e-01 1.005754373297049935e-03 1.086148615715164245e-02 -4.447348977752136825e-05 -1.005656265981132039e-03 9.999994933386633367e-01 4.462591705576540897e-03
9.999811592074119293e-01 -6.135239130539646597e-03 -2.001774506467095965e-04 7.503027773268113876e+00 6.135421101477823817e-03 9.999807535713912676e-01 9.214633471055001281e-04 1.332839561770068904e-02 1.945201999611769308e-04 -9.226741589604377583e-04 9.999995554170452161e-01 7.767428457963899274e-03
9.998921411778638468e-01 -1.468682478736626877e-02 5.646602471470815591e-05 7.843293070921874666e+00 1.468675777993114044e-02 9.998915975244518917e-01 1.045153535711562838e-03 1.556097744949280076e-02 -7.180989051273679619e-05 -1.044211503854469182e-03 9.999994522326873803e-01 3.479876067487515379e-03
9.998170839219564510e-01 -1.912475899231517659e-02 -2.056484414115968429e-04 8.155752860627835332e+00 1.912493750587785160e-02 9.998166927266867177e-01 9.042734467230629809e-04 2.719720591614278871e-02 1.883167328248117967e-04 -9.080410541608874200e-04 9.999995699990336107e-01 6.335774705416030023e-03
9.996568738123309261e-01 -2.619417112950456553e-02 -6.212549135405579981e-06 8.516802855395258831e+00 2.619416555372306929e-02 9.996564401337980632e-01 9.313377294856758221e-04 2.793647991150370602e-02 -1.818520511265617174e-05 -9.311808956616884642e-04 9.999995662856249190e-01 6.779765773888594797e-03
9.994052987243373654e-01 -3.448133732730089551e-02 -2.936968484381772193e-04 8.838591166093562990e+00 3.448160676745637421e-02 9.994048638720917088e-01 9.679171143775928965e-04 4.361047688501532016e-02 2.601469823072974060e-04 -9.774686320716233397e-04 9.999994884391796290e-01 5.138549964825523363e-03
9.991210944444012254e-01 -4.191703787649110613e-02 -2.391406960095138415e-05 9.193975587767697633e+00 4.191704247391271621e-02 9.991206929799818504e-01 8.957730968288231616e-04 5.971132801757013386e-02 -1.365511303684144358e-05 -8.959882039486516013e-04 9.999995985092575701e-01 6.552378370638699615e-03
9.988298823977422858e-01 -4.836179253824011981e-02 -5.524310372558032976e-05 9.862737476351242094e+00 4.836182363432170450e-02 9.988293781476907940e-01 1.003675176611270627e-03 9.802503793400627052e-02 6.638904274114013304e-06 -1.005172415859557650e-03 9.999994947920420874e-01 9.601287531111181092e-03
9.985856238774400984e-01 -5.316428215768764787e-02 -5.575732790959545817e-04 1.020922666939365975e+01 5.316475373037224395e-02 9.985853771095103415e-01 8.680920722725132734e-04 1.195315290036091938e-01 5.106330313030723591e-04 -8.965075096430800711e-04 9.999994677639546525e-01 7.372810275276997852e-03
9.980899129409859238e-01 -6.177715142396356801e-02 -3.305259382343554665e-04 1.053128241655118025e+01 6.177742421382522581e-02 9.980895530809645866e-01 8.910040097860359503e-04 1.346978119934565676e-01 2.748507963420837325e-04 -9.097211556573903514e-04 9.999995484321273498e-01 2.225869474657918984e-03
9.973336823540457363e-01 -7.297338159578536931e-02 -6.415766479586776372e-04 1.086845263314519983e+01 7.297385333512537708e-02 9.973335755972948524e-01 7.454634387441943242e-04 1.710168004355383520e-01 5.854669443471683700e-04 -7.902941166344348367e-04 9.999995163317161317e-01 4.495163987969563735e-03
9.965659884434241444e-01 -8.279999457117109829e-02 -6.257609728034992666e-04 1.122544726534534298e+01 8.280034380307194075e-02 9.965660016670626620e-01 5.544253035126227953e-04 1.959629376063077022e-01 5.777056985451096407e-04 -6.043346242997769046e-04 9.999996505178327943e-01 2.511472172993793606e-03
9.960568160679073024e-01 -8.871710391242171312e-02 -3.076329884179707466e-04 1.156149481889406516e+01 8.871733300282258483e-02 9.960564933225585227e-01 8.348262299679319511e-04 2.408507176400731808e-01 2.323564702810629215e-04 -8.588267348679633900e-04 9.999996042134767782e-01 7.373268746856884159e-03
9.958138746140990927e-01 -9.140373501230428244e-02 -2.904339095658228765e-04 1.188785401451947621e+01 9.140400726152392297e-02 9.958132512441417727e-01 1.129647337467933922e-03 2.598236578426423860e-01 1.859639498650150476e-04 -1.151465315250391284e-03 9.999993197722871763e-01 2.017409459354123705e-03
9.958180444307884738e-01 -9.135843501948932854e-02 -2.423568235150688494e-04 1.256181134047017522e+01 9.135865739109814976e-02 9.958173675312490536e-01 1.168863905300089471e-03 3.275270952270428193e-01 1.345575568570266827e-04 -1.186117162387577547e-03 9.999992875099166234e-01 5.409312144360607991e-03
9.968377554054581591e-01 -7.946242654853775955e-02 -4.606139666058356994e-04 1.324386335829034245e+01 7.946299003972458197e-02 9.968368731720823606e-01 1.371677240576670096e-03 3.858662418726888088e-01 3.501601842331267147e-04 -1.403941424677757933e-03 9.999989531676127807e-01 3.990387975547567828e-03
9.968445851599475604e-01 -7.937652463502598010e-02 -4.902796725089563325e-04 1.324585902296774087e+01 7.937712265046542592e-02 9.968437403558084720e-01 1.352668907967235698e-03 3.818481032304144041e-01 3.813620656679539292e-04 -1.387317666119131532e-03 9.999989649557984306e-01 3.463324148750602377e-03
9.976830448797164852e-01 -6.803035253903078061e-02 -6.427230762645854594e-04 1.360096526169427378e+01 6.803127064687297665e-02 9.976820087117000968e-01 1.534831312894194234e-03 4.044713992570756478e-01 5.368181344688793865e-04 -1.575000445177359180e-03 9.999986155989858405e-01 1.410249625721067112e-03
9.985578334460298855e-01 -5.366824000131446143e-02 -1.404734399185172044e-03 1.397070201906877429e+01 5.367053980001818686e-02 9.985573278506258976e-01 1.654132217295548740e-03 4.279200612894146771e-01 1.313933463158475966e-03 -1.727139536615842838e-03 9.999976452811654148e-01 9.505252673921509368e-03
9.998043202315782807e-01 -1.973397279241446978e-02 -1.375341448480611999e-03 1.469322271167507132e+01 1.973811178472899275e-02 9.998004901475493478e-01 3.063795667717392462e-03 4.437178509186555653e-01 1.314606193962904179e-03 -3.090342788142923149e-03 9.999943607801028422e-01 2.724372467891018543e-03
9.999987336495613777e-01 -3.901109686949808279e-05 -1.590967444047472392e-03 1.541800787612670298e+01 4.411438773554735514e-05 9.999948541636725086e-01 3.207756240134715039e-03 4.515800549183881518e-01 1.590834119099985254e-03 -3.207822362545894278e-03 9.999935895407009445e-01 -4.578977806602377038e-04
9.999881518738304997e-01 3.693193742543521892e-03 -3.171187780763432863e-03 1.579225160532531369e+01 -3.684410553885810857e-03 9.999893730785220924e-01 2.771073599682392051e-03 4.461713499089667301e-01 3.181388192478369452e-03 -2.759356809924959700e-03 9.999911323202642643e-01 -6.175873123958043609e-03
9.999801706251104649e-01 5.853035964080761759e-03 -2.323860275093892185e-03 1.617172018160645308e+01 -5.846136121439314375e-03 9.999785157909011346e-01 2.964902878018997948e-03 4.361787706128902875e-01 2.341164031968877377e-03 -2.951258482352914561e-03 9.999929044869997341e-01 -1.485047756095073807e-02
9.999714881164596392e-01 6.693469454354185853e-03 -3.495771848512635102e-03 1.653028869372595722e+01 -6.683568048693073853e-03 9.999736419216969097e-01 2.836437906315975640e-03 4.359880801183493304e-01 3.514665317169620579e-03 -2.812992805096481506e-03 9.999898670482549878e-01 -1.155801177003878445e-02
9.999707583395087696e-01 7.197176901998935186e-03 -2.585171280424107369e-03 1.694318018823589966e+01 -7.189398180489322762e-03 9.999696384847229780e-01 3.005771537353091674e-03 4.318415305148793348e-01 2.606725860188106349e-03 -2.987097817902547962e-03 9.999921410825767243e-01 -1.345880795924231377e-02
9.999659489898320430e-01 7.434457821268494401e-03 -3.581856748739585972e-03 1.731576129667622155e+01 -7.424400528160669116e-03 9.999684821413308278e-01 2.813005645285440032e-03 4.323242682320593833e-01 3.602657028105670563e-03 -2.786316720464471555e-03 9.999896285969525067e-01 -1.077669222891729922e-02
9.999640800673780250e-01 7.597761770528470640e-03 -3.756672873788192372e-03 1.810103735928401392e+01 -7.586351219266040946e-03 9.999665950229740252e-01 3.042386125612992886e-03 4.178658159571300157e-01 3.779662707213517821e-03 -3.013777403471904360e-03 9.999883155795281642e-01 -1.078170021239192866e-02
9.999629439313231227e-01 7.600948914688311804e-03 -4.041823820742024634e-03 1.889455592240095783e+01 -7.589270914175713818e-03 9.999670051555010764e-01 2.896820210032733864e-03 4.213926082508024362e-01 4.063709043825062053e-03 -2.866038369301106628e-03 9.999876359700018424e-01 -9.108692869993568336e-03
9.999643887075130300e-01 7.693197800972386216e-03 -3.469297393558252486e-03 1.931773972778398729e+01 -7.682958782612436810e-03 9.999661193205767740e-01 2.955055886221696123e-03 4.076952878211376197e-01 3.491913680851068368e-03 -2.928296183982883553e-03 9.999896157562359056e-01 -5.371671747622035198e-03
9.999623686219299978e-01 7.681176113752657963e-03 -4.032477343884380630e-03 1.970532982506314923e+01 -7.669475988093841373e-03 9.999663579696544957e-01 2.908963212702530155e-03 4.127085687950982074e-01 4.054685941904405747e-03 -2.877926756246627655e-03 9.999876384533451512e-01 -6.429160948649786933e-03
9.999651943989630309e-01 7.651198041212707406e-03 -3.327034592269739743e-03 2.011197454340395652e+01 -7.640929677267311974e-03 9.999660391035708473e-01 3.088176352277818230e-03 4.010780446001147581e-01 3.350549852050003011e-03 -3.062647229090400668e-03 9.999896969507431344e-01 -1.113869082600686677e-02
9.999625775857027277e-01 7.614515618258607156e-03 -4.106407195691151070e-03 2.052913531954531479e+01 -7.602810391473683975e-03 9.999670123089450247e-01 2.858595472164794475e-03 4.046902442864208083e-01 4.128038554668316158e-03 -2.827268261321703828e-03 9.999874828475953104e-01 -8.426896117669432917e-03
9.999654754557537606e-01 7.495812686463664692e-03 -3.586180240557173150e-03 2.095278899831309616e+01 -7.485623173167687064e-03 9.999679313179330453e-01 2.846362844542667855e-03 3.914461775697165580e-01 3.607401039203605737e-03 -2.819419781250830179e-03 9.999895187099909766e-01 -1.150635549759490908e-02
9.999651752670183358e-01 7.521231685391326777e-03 -3.616535239138085351e-03 2.178979797792926121e+01 -7.511156086221467201e-03 9.999678944064347430e-01 2.791539111271155484e-03 3.878991173297545170e-01 3.637414940542285386e-03 -2.764277535994510808e-03 9.999895639366714883e-01 -7.260046849486529764e-03
9.999613932287504392e-01 7.705083626069507592e-03 -4.224184931039426730e-03 2.222049974974283515e+01 -7.693416650660729085e-03 9.999665651306933745e-01 2.771274248787263146e-03 3.883398242623452568e-01 4.245396595806008935e-03 -2.738668844152341436e-03 9.999872380689197593e-01 -3.033337940417888193e-03
9.999694375836850613e-01 7.645056144035068495e-03 -1.636158648550037863e-03 2.266189576996876198e+01 -7.640418216327664498e-03 9.999668285772000953e-01 2.822366867760982626e-03 3.813765238105584765e-01 1.657681528002836156e-03 -2.809779673066593007e-03 9.999946786009116240e-01 -7.287439952238447538e-03
9.999542346468573983e-01 7.649811323148522114e-03 -5.745345815346344052e-03 2.307788267508366786e+01 -7.634224078070388046e-03 9.999671321306869975e-01 2.730069789411386418e-03 3.718439782760757373e-01 5.766041496858951947e-03 -2.686083589443011895e-03 9.999797686555498277e-01 -1.034059263584502508e-02
9.999671370563275596e-01 7.592127422745659389e-03 -2.843309439473019635e-03 2.350291293753560495e+01 -7.584548064531445276e-03 9.999676802296996181e-01 2.667044560950462221e-03 3.711215610208157267e-01 2.863466086513919134e-03 -2.645391696909264647e-03 9.999924012034997478e-01 -1.338315437163212218e-02
9.999633109695750255e-01 7.745289767504407938e-03 -3.658852440648653181e-03 2.395109703681717406e+01 -7.735139696693994413e-03 9.999662185737132614e-01 2.780166408933834859e-03 3.663732053853563375e-01 3.680262033833709822e-03 -2.751762672565864157e-03 9.999894416810390929e-01 -7.280939551112516894e-03
9.999677869543978082e-01 7.526856910228124815e-03 -2.787737178617463903e-03 2.436589661847192545e+01 -7.518971579802747641e-03 9.999677322628774956e-01 2.828338632529194506e-03 3.623438917153705141e-01 2.808935724827735410e-03 -2.807286606509862281e-03 9.999921144799106543e-01 -1.217081471001168688e-02
9.999673615388285919e-01 7.578222116644362481e-03 -2.801143806445991445e-03 2.521258717280998951e+01 -7.570058193092542125e-03 9.999671017490191494e-01 2.913698443563347666e-03 3.546641042142161249e-01 2.823132307700257533e-03 -2.892398523307815501e-03 9.999918319440191938e-01 -8.650421386116078498e-03
9.999671014987776552e-01 7.580455529165559293e-03 -2.886626769035285749e-03 2.564115136326554989e+01 -7.572043947936164983e-03 9.999670862810031702e-01 2.913847135882759697e-03 3.486413416529092757e-01 2.908620048045307098e-03 -2.891893609922774160e-03 9.999915884050050163e-01 -1.195552902583247104e-02
9.999654535324437044e-01 7.624091498186659835e-03 3.311339680775384799e-03 2.608561678978511367e+01 -7.628027828044774139e-03 9.999702126116982726e-01 1.177743932095246231e-03 3.532592044935070064e-01 -3.302261817114786335e-03 -1.202962236435769963e-03 9.999938239553026742e-01 -2.524638690792069262e-02
9.999653288511604066e-01 7.715240308957310202e-03 -3.133075576112081140e-03 2.650442228678206291e+01 -7.706929645894789425e-03 9.999667738344987233e-01 2.656023805945906778e-03 3.508979368874652893e-01 3.153463337953645116e-03 -2.631785325508842303e-03 9.999915646519107471e-01 -7.779946201200871325e-03
9.999672107859037817e-01 7.769645753059375645e-03 2.282533226881033710e-03 2.693937643291200956e+01 -7.771830296417913189e-03 9.999693478314183315e-01 9.497638925649657922e-04 3.445172371335883388e-01 -2.275083933293493496e-03 -9.674722114386061353e-04 9.999969439906386537e-01 -2.045215261237737225e-02
9.999702930572674786e-01 7.683519823558912672e-03 6.136172125049727151e-04 2.734824556384677763e+01 -7.684072111213745802e-03 9.999700695237639936e-01 9.028246940794403940e-04 3.394288832386012089e-01 -6.066619752154178442e-04 -9.075129528275261565e-04 9.999994041905666542e-01 -6.347492115192032713e-03
9.999697161900715781e-01 7.666212388782882997e-03 1.340108338069404730e-03 2.816944815720604822e+01 -7.667805908689987598e-03 9.999698962131690072e-01 1.188031973776985245e-03 3.339629331700648684e-01 -1.330960290298025808e-03 -1.198271686275435670e-03 9.999983963435499223e-01 -1.805174908938654565e-02
9.999678901989993429e-01 7.661506036167054813e-03 2.349445938881669377e-03 2.857028385037743234e+01 -7.664805256946586633e-03 9.999696470454303432e-01 1.398480679336863795e-03 3.314421628862974645e-01 -2.338660158089620172e-03 -1.416443819983799045e-03 9.999962621707991772e-01 -2.368020119876318441e-02
9.999690460696371019e-01 7.634408045874938910e-03 1.903343471122472680e-03 2.897129339011175375e+01 -7.636944940047098000e-03 9.999699547301438285e-01 1.329176051833280128e-03 3.241510343505827341e-01 -1.893138812309753689e-03 -1.343670637901292269e-03 9.999973052836963472e-01 -2.203553793682179809e-02
9.999682842805797112e-01 7.539616879098894227e-03 2.566049545550232527e-03 2.936732804142866016e+01 -7.542467306648782503e-03 9.999709469058992717e-01 1.102964662796042123e-03 3.240153879195324937e-01 -2.557659062882651664e-03 -1.122284026282819973e-03 9.999960994217339527e-01 -2.170139041936389526e-02
9.999693816506671773e-01 7.563163763069246162e-03 2.008560448535578850e-03 2.976324662331448323e+01 -7.565417254265851058e-03 9.999707582654435711e-01 1.116725482206264771e-03 3.238439318116861920e-01 -2.000055737043784226e-03 -1.131886887788928660e-03 9.999973593010743622e-01 -2.575521082446977778e-02
9.999663716850345496e-01 7.612744833476159032e-03 3.049854942073769969e-03 3.015443215444138403e+01 -7.615961440456332082e-03 9.999704526877578603e-01 1.044453339323959864e-03 3.163411758272548502e-01 -3.041813670294758049e-03 -1.067645793755917210e-03 9.999948037375265830e-01 -2.237453770893752664e-02
9.999689513181517775e-01 7.551918326693397507e-03 2.250539771412264547e-03 3.053139399888361893e+01 -7.554422988389790025e-03 9.999708527496599109e-01 1.106500985286827882e-03 3.103016916826416005e-01 -2.242117969296855088e-03 -1.123468159275213324e-03 9.999968553582090358e-01 -2.450790817500794055e-02
9.999675646375965066e-01 7.740625849185676748e-03 2.225395294583417359e-03 3.131413498556342034e+01 -7.742976959257752596e-03 9.999694716230931313e-01 1.049823623436744579e-03 3.072310511751326634e-01 -2.217201065000437565e-03 -1.067020756518258749e-03 9.999969727384890872e-01 -2.914298544013954606e-02
9.999689335111513477e-01 7.500609685784832663e-03 2.423399866331380458e-03 3.204201158892692547e+01 -7.502861784226994533e-03 9.999714284855575341e-01 9.215625861840003302e-04 3.053606576295476160e-01 -2.416418344867111469e-03 -9.397163907151916996e-04 9.999966389220953378e-01 -2.372254083484491224e-02
9.999639564026872041e-01 7.554545008958828654e-03 3.874886474752754165e-03 3.240858384742328013e+01 -7.557298761930055127e-03 9.999712006345879978e-01 6.965176548263420347e-04 2.990454083317158340e-01 -3.869513006508317528e-03 -7.257762245827387160e-04 9.999922500289510907e-01 -2.276033501683762811e-02
9.999637768544387129e-01 7.549842912712095323e-03 3.929993765862693257e-03 3.240374167236807068e+01 -7.552249165185227937e-03 9.999713026726491094e-01 5.977990566364901892e-04 2.994101308532448047e-01 -3.925367696574135097e-03 -6.274576946116649460e-04 9.999920988614300343e-01 -2.071031819781928712e-02
9.999664596690510665e-01 7.613885321480553907e-03 3.017993912429179151e-03 3.276795048090364304e+01 -7.616152500289457596e-03 9.999707225557192825e-01 7.404407369884958168e-04 2.912532852625310253e-01 -3.012267922421785551e-03 -7.634014042431349831e-04 9.999951717184736300e-01 -1.662770083105280169e-02
9.999652242019896331e-01 7.478670374665205740e-03 3.690511630082893464e-03 3.312444878368412304e+01 -7.481034285911990385e-03 9.999718200079309449e-01 6.271491363224834890e-04 2.958781584347522364e-01 -3.685717389828114914e-03 -6.547361707480033564e-04 9.999929933793881842e-01 -2.044685401934455415e-02
9.999637876365627953e-01 7.476944499750779079e-03 4.064322389621262757e-03 3.382795885986682549e+01 -7.479575773496597961e-03 9.999718274888543812e-01 6.325937475761324877e-04 2.899613170080346802e-01 -4.059478019111925629e-03 -6.629702471425282613e-04 9.999915405185504369e-01 -2.424703212056093793e-02
9.999665639687221885e-01 7.481267339041425789e-03 3.301754622792575384e-03 3.416151857680320347e+01 -7.482939862986598932e-03 9.999718801482202490e-01 4.944935190802165646e-04 2.909068533809441304e-01 -3.297962339728306453e-03 -5.191838164641408631e-04 9.999944269307556866e-01 -2.257949173381781915e-02
9.999668608391802938e-01 7.428224359892778537e-03 3.331472091223607046e-03 3.484280685095239249e+01 -7.430304423614042704e-03 9.999722073691715840e-01 6.124258314364852988e-04 2.809037788982821637e-01 -3.326830264369955853e-03 -6.371593879749326604e-04 9.999942630976971225e-01 -2.368580516039013942e-02
9.999612979490246634e-01 7.501326199961765896e-03 4.597032667252518891e-03 3.517941318229690495e+01 -7.502353032845222001e-03 9.999718357009220737e-01 2.061647364985805741e-04 2.783175765191613360e-01 -4.595356686110202600e-03 -2.406453194736897689e-04 9.999894123373295196e-01 -2.454489843366192831e-02
9.999661696749637674e-01 7.430424297650822102e-03 3.528214894020148280e-03 3.548997879126700639e+01 -7.431271822339957991e-03 9.999723619157728782e-01 2.271644626560132408e-04 2.782718973141438124e-01 -3.526429452576854227e-03 -2.533759015334970176e-04 9.999937500284531433e-01 -2.365075711241907547e-02
9.999614014579980559e-01 7.480792537713460560e-03 4.607964535903337315e-03 3.582165038350242980e+01 -7.480937430198838362e-03 9.999720172951268582e-01 1.420844649609781906e-05 2.784961856411575787e-01 -4.607729302151143159e-03 -4.867979244444704313e-05 9.999893831741194505e-01 -2.583188698540449246e-02
9.999659360800756680e-01 7.399200441127944811e-03 3.657664873924927357e-03 3.612822692838215488e+01 -7.399650122708198441e-03 9.999726162272237762e-01 1.094245996853999449e-04 2.773140369244473935e-01 -3.656755058714865250e-03 -1.364863125877625665e-04 9.999933047345502812e-01 -2.332415370864206194e-02
9.999616247664528945e-01 7.456510369761100605e-03 4.598852850581238751e-03 3.643659456462459900e+01 -7.457102889166380456e-03 9.999721891823283304e-01 1.117067684864597342e-04 2.678590834930251741e-01 -4.597892010045520096e-03 -1.459966005920506639e-04 9.999894189810493161e-01 -2.967601073618351265e-02
9.999639958581414412e-01 7.082631855443523999e-03 4.673683067886589236e-03 3.704495255216913563e+01 -7.082585185555222845e-03 9.999749178268866334e-01 -2.653677837134482391e-05 2.694592823132316850e-01 -4.673753791990638111e-03 -6.565935521181964378e-06 9.999890779315443456e-01 -2.830105717070825061e-02
9.999689247100012057e-01 7.002732766549654708e-03 3.620959558495567485e-03 3.734731735690972698e+01 -7.002935260252664967e-03 9.999754782130676478e-01 4.324681821787008430e-05 2.646751899276513220e-01 -3.620567920185799836e-03 -6.860281967858996807e-05 9.999934433692995173e-01 -2.402830317895238849e-02
9.999622867180655295e-01 7.104605911782506215e-03 4.994969110582396683e-03 3.765584289000067741e+01 -7.104507310442562638e-03 9.999747619669492327e-01 -3.748358482086458022e-05 2.615109801492974118e-01 -4.995109353485210034e-03 1.995376630294884061e-06 9.999875243614617659e-01 -3.165261075387751366e-02
9.999670660006392264e-01 7.123042736209207748e-03 3.889624178679840834e-03 3.793790379893054876e+01 -7.122961920663252802e-03 9.999746307853260019e-01 -3.462986725764326007e-05 2.575373237324570241e-01 -3.889772171993475993e-03 6.923081847189549616e-06 9.999924347836441907e-01 -2.341768712149876891e-02
9.999629885493761527e-01 6.967472082116543328e-03 5.047362101644671528e-03 3.821392480577389250e+01 -6.966201957429963426e-03 9.999756994913836516e-01 -2.691783913332140604e-04 2.605639306987822534e-01 -5.049114941105154256e-03 2.340074848981393255e-04 9.999872257578136248e-01 -2.851575218515570165e-02
9.999653673003562337e-01 7.014304559878985906e-03 4.479255675311983112e-03 3.848512040037754645e+01 -7.013063934956403900e-03 9.999753653510100593e-01 -2.926181097244362657e-04 2.567380393825014484e-01 -4.481197842962029304e-03 2.611946691373525893e-04 9.999899252708683850e-01 -3.204219507107705645e-02
9.999647363825835411e-01 6.166624104756234827e-03 5.700766480112060691e-03 3.877946534942262247e+01 -6.163298413818987971e-03 9.999808262360919686e-01 -6.007602226452671192e-04 2.533516918930006634e-01 -5.704361837431618648e-03 5.656035126621896357e-04 9.999835700393752136e-01 -3.475790618925178599e-02
9.999655408431713521e-01 6.617824059152331920e-03 5.012138360617000854e-03 3.932178299581457992e+01 -6.612979217043917293e-03 9.999776512728602018e-01 -9.825785917840458225e-04 2.475134717464007039e-01 -5.018528877949108777e-03 9.493995661425463310e-04 9.999869564191149474e-01 -2.411959787456439963e-02
9.999782101356318176e-01 6.450091849119109037e-03 1.405549385881428451e-03 3.959557183178618800e+01 -6.450549006802422207e-03 9.999791434830461734e-01 3.209617178105867732e-04 2.500851153098480606e-01 -1.403449838456902838e-03 -3.300212892933974550e-04 9.999989607067096831e-01 -1.760894044229688316e-02
9.999697432065611791e-01 6.478259412388285947e-03 4.306370442709839610e-03 3.987262652611097735e+01 -6.475650273962061700e-03 9.999788408340432033e-01 -6.195463925876801455e-04 2.397155404777525645e-01 -4.310292905752162798e-03 5.916410981633378734e-04 9.999905356231515441e-01 -2.665893154551496336e-02
9.999794964772387162e-01 6.360843773643052104e-03 7.391154276819735360e-04 4.012880580433105848e+01 -6.360944192380027160e-03 9.999797600662301278e-01 1.335921642874588313e-04 2.436206547721335991e-01 -7.382507091482534397e-04 -1.382908971646897673e-04 9.999997179307192896e-01 -9.111416884790279891e-03
9.999730300136819849e-01 6.225764212201998112e-03 3.896037118654797557e-03 4.040647123180177402e+01 -6.223432289483768649e-03 9.999804479755192155e-01 -6.103746538381945317e-04 2.372813553206691572e-01 -3.899760991917577101e-03 5.861114688368681451e-04 9.999922241385440502e-01 -2.644819677499424260e-02
9.999731674331874265e-01 6.306244926430370698e-03 3.727692123339657829e-03 4.094632586572426192e+01 -6.302883290195956251e-03 9.999797199670993342e-01 -9.128618470169891537e-04 2.373944734095695397e-01 -3.733373256012035690e-03 8.893421441952958917e-04 9.999926354702227682e-01 -1.877402996689273018e-02
9.999883019312858501e-01 4.035173485152662373e-03 2.667091211082182455e-03 4.121517225780137750e+01 -4.033879559761583203e-03 9.999917436540372018e-01 -4.903462609774004001e-04 2.323991133812470800e-01 -2.669047822885268952e-03 4.795818001527415650e-04 9.999963230857482621e-01 -1.513463716009586651e-02
9.999921486110273650e-01 -2.656353416517806543e-03 2.940493636704768522e-03 4.169774434461807999e+01 2.657909669208370976e-03 9.999963296932771195e-01 -5.254675678986398457e-04 2.493649468034519756e-01 -2.939087016621948559e-03 5.332790087176150643e-04 9.999955386805521318e-01 -1.841620564068721655e-02
9.999880657825584995e-01 -2.809815102087785069e-03 3.996652543011501059e-03 4.196822306995692742e+01 2.811735018648121778e-03 9.999959343266514589e-01 -4.748435029534705046e-04 2.429354966362214929e-01 -3.995302071482046032e-03 4.860753639804100317e-04 9.999919006132490518e-01 -1.891285082987918809e-02
9.999888864936774535e-01 -3.559278891997312740e-03 3.091669921580442616e-03 4.218804896079571876e+01 3.560531991272404030e-03 9.999935813232514459e-01 -3.999052849499413966e-04 2.496413641893835411e-01 -3.090226702711082202e-03 4.109088302622705322e-04 9.999951408146237064e-01 -1.790158517786333281e-02
9.999808434559173120e-01 -4.083826487160790476e-03 4.651352751080495632e-03 4.243068444501528091e+01 4.087241862826630594e-03 9.999913843723405860e-01 -7.250069271941507118e-04 2.576739341892519963e-01 -4.648351874264430167e-03 7.440042422499795575e-04 9.999889195798824515e-01 -1.874439451679532631e-02
9.999594236076196907e-01 -8.550852940180004441e-03 2.834440387880024677e-03 4.265734743925444405e+01 8.552564528210817446e-03 9.999632507446558627e-01 -5.922838603155093510e-04 2.612581285099319084e-01 -2.829271692118052496e-03 6.165015618919035415e-04 9.999958075649699740e-01 -1.681358070324430465e-02
9.998672301289245334e-01 -1.585095230946831357e-02 3.777489271347871883e-03 4.288981802217344352e+01 1.585463378317485822e-02 9.998738592783891210e-01 -9.466358019506550042e-04 2.548046928849863058e-01 -3.762007697174151680e-03 1.006400826254367185e-03 9.999924171989822419e-01 -1.985545148062595189e-02
9.998259555009961774e-01 -1.824533572783932495e-02 3.894410186201067645e-03 4.334138847068262379e+01 1.824911181373269076e-02 9.998330326991567985e-01 -9.362914165689492684e-04 2.615389932483266344e-01 -3.876676995809506809e-03 1.007197987134953680e-03 9.999919784316696481e-01 -1.804560227323036281e-02
9.998745277474551107e-01 -1.558967438259350850e-02 2.809059352938272826e-03 4.356011147392734983e+01 1.559215682350108094e-02 9.998780616372506813e-01 -8.640035449459855955e-04 2.700917017811516052e-01 -2.795247286908795602e-03 9.076944304325304524e-04 9.999956813323875870e-01 -1.553492515017358688e-02
9.998287044624627473e-01 -1.803322460142718978e-02 4.167078519519257750e-03 4.378772924672969680e+01 1.803681945955056334e-02 9.998369815568650676e-01 -8.267133968507316090e-04 2.771041038182535665e-01 -4.151490900500167357e-03 9.017326274653689753e-04 9.999909759600691395e-01 -2.012381756860064097e-02
9.998827425043799177e-01 -1.505807869718474822e-02 2.784871248229763528e-03 4.399367190666711736e+01 1.506037271760405673e-02 9.998862624162843105e-01 -8.046146906004722531e-04 2.810516272265974336e-01 -2.772438552371057213e-03 8.464615424657928383e-04 9.999957985348391087e-01 -1.891414148971659603e-02
9.998407363779965307e-01 -1.761365586232283009e-02 2.874196630257958539e-03 4.421782030892349979e+01 1.761566268277936498e-02 9.998446047310035611e-01 -6.744023648247314583e-04 2.824447054732390772e-01 -2.861871302532691813e-03 7.249258353840269979e-04 9.999956420780947708e-01 -2.060073205001231728e-02
9.998498129731895334e-01 -1.702625267027233630e-02 3.233916740736391803e-03 4.443046424622096424e+01 1.702969062947762291e-02 9.998544449343668150e-01 -1.038548050649123165e-03 2.896581234809183503e-01 -3.215763446252370514e-03 1.093464675821425886e-03 9.999942315835929074e-01 -2.069560708100978003e-02
9.996391551230471295e-01 -2.671981890293027850e-02 2.758771950539497513e-03 4.462472132792532165e+01 2.672264109058870157e-02 9.996423950093336064e-01 -9.912381888226508460e-04 2.918478413212478029e-01 -2.731299695026864153e-03 1.064602178285424614e-03 9.999957033028581410e-01 -1.901892952629326630e-02
9.992035316770814246e-01 -3.978648081608045922e-02 3.055851488435362955e-03 4.503700061046306047e+01 3.979108978262998336e-02 9.992069506296115122e-01 -1.462527737794832097e-03 3.126279047349454498e-01 -2.995239215553698823e-03 1.582958541719003617e-03 9.999942613756824805e-01 -1.104312271760245906e-02
9.993040595099783596e-01 -3.718749282818035323e-02 2.913249737277755040e-03 4.524017904950743940e+01 3.719152424871991630e-02 9.993072547346567580e-01 -1.342072554210888046e-03 3.160185642706038744e-01 -2.861323283830877889e-03 1.449486749826408476e-03 9.999948558953828393e-01 -1.481025796308615625e-02
9.991414054930399802e-01 -4.136229600069015605e-02 2.369029114195181016e-03 4.543824274060369817e+01 4.136482656119976759e-02 9.991435790861949995e-01 -1.029317439024214414e-03 3.440678851141780736e-01 -2.324425295524779750e-03 1.126428151152266332e-03 9.999966640977687726e-01 -2.023158381418645527e-02
9.992936239875308546e-01 -3.741504047860754606e-02 3.516788855117786768e-03 4.563036231756611016e+01 3.741842912675522742e-02 9.992992776108100550e-01 -9.027337366169943620e-04 3.458935718267079351e-01 -3.480548743132022473e-03 1.033688781688789056e-03 9.999934086122514998e-01 -1.855835177465157970e-02
9.991657582169486407e-01 -4.078950047849228683e-02 2.001064083207359286e-03 4.581918563317926640e+01 4.079131180118059780e-02 9.991673068110629163e-01 -8.728582165578030591e-04 3.630540887859879384e-01 -1.963794360132704950e-03 9.537560707151259689e-04 9.999976169276948434e-01 -2.047340100046032840e-02
9.991338575992343429e-01 -4.150166265237218571e-02 3.024333969904602955e-03 4.602575364199670815e+01 4.150412510990224985e-02 9.991380465293788760e-01 -7.560266651115107091e-04 3.506263602440267135e-01 -2.990350771131270510e-03 8.808941738217962707e-04 9.999951409020546578e-01 -2.273064074134664714e-02
9.992464928627190490e-01 -3.876568698543680913e-02 1.915206021049489652e-03 4.637907888114835231e+01 3.876727271229812866e-02 9.992479481814283693e-01 -7.978857409943409954e-04 3.831925595741275670e-01 -1.882835097992890299e-03 8.715318425120279584e-04 9.999978476798043747e-01 -2.307249009224929259e-02
9.990290470480595042e-01 -4.395247161307372363e-02 3.023804449362498328e-03 4.657378590227493476e+01 4.395477574024299339e-02 9.990332767247710466e-01 -6.997758155436531458e-04 3.782130149795286944e-01 -2.990124390553360739e-03 8.320070126039320630e-04 9.999951834486303648e-01 -1.883540989720458581e-02
9.992663588214641956e-01 -3.821754404346722894e-02 2.482630656882456408e-03 4.674772027158401499e+01 3.821945559691333066e-02 9.992691051448346906e-01 -7.271292297972021786e-04 4.037186337060977293e-01 -2.453027021542998707e-03 8.214805700063606631e-04 9.999966539084541584e-01 -1.785947091726833302e-02
9.991473621544548767e-01 -4.124493151788841128e-02 1.845080995338293150e-03 4.693054912972192483e+01 4.124621703425838948e-02 9.991487919513668547e-01 -6.641705255429522069e-04 3.975574296671603447e-01 -1.816116779702462098e-03 7.397068397964874729e-04 9.999980772749683666e-01 -2.053276721597287191e-02
9.992905798179477772e-01 -3.752881396863860103e-02 3.150430005119751482e-03 4.710212079452406186e+01 3.753074629821600422e-02 9.992953184228194896e-01 -5.564715039675772025e-04 4.054249884574259721e-01 -3.127326239583699385e-03 6.743147211043623883e-04 9.999948825520299511e-01 -2.197655112042665171e-02
9.993660159469394122e-01 -3.556073435849505665e-02 1.732149596949148201e-03 4.727444642011226961e+01 3.556149547256381299e-02 9.993674056376645742e-01 -4.105956628167272120e-04 4.079735717275042584e-01 -1.716452765585220908e-03 4.719331817639558927e-04 9.999984155332324320e-01 -1.895100812120949219e-02
9.997070091413773341e-01 -2.404888496354808808e-02 2.747181394111776649e-03 4.745640066597065498e+01 2.404986501288965128e-02 9.997107075769907647e-01 -3.242665174431397972e-04 4.132064220371149954e-01 -2.738588407174307425e-03 3.902408520120817948e-04 9.999961739154873408e-01 -2.253436198972229298e-02
9.999939256876606564e-01 -2.832767483219311710e-03 2.030767383903554508e-03 4.779908538540355067e+01 2.831890139377113251e-03 9.999958956777273977e-01 4.347711331883784866e-04 4.131019933208285311e-01 -2.031990654508488651e-03 -4.290175821228742257e-04 9.999978434766217950e-01 -2.229138469463937122e-02
9.999445222455394244e-01 1.017776373059729560e-02 2.713955892071906895e-03 4.795900697429609494e+01 -1.018018014422109561e-02 9.999477951240065554e-01 8.780426350334459605e-04 3.801480701797532169e-01 -2.704877699856348284e-03 -9.056224830844959326e-04 9.999959317339980336e-01 -2.554354575104826608e-02
9.991439034125029206e-01 4.128357890413137526e-02 2.669529264377341980e-03 4.828614887253401378e+01 -4.130125093236822892e-02 9.991226123504772794e-01 6.943497777012846289e-03 3.445545092910408114e-01 -2.380534614022767215e-03 -7.047808370280000262e-03 9.999723303432587196e-01 -2.090796144675666560e-02
9.985039291484826274e-01 5.461530346565848792e-02 2.659342474392780136e-03 4.843115416915542681e+01 -5.463279614217111946e-02 9.984818221635965996e-01 7.021993630852818580e-03 3.285822148669547138e-01 -2.271796806505803085e-03 -7.156775546137876878e-03 9.999718093541698494e-01 -2.210203877158336411e-02
9.985012119337172143e-01 5.466371302710269081e-02 2.684817496316780575e-03 4.842865324100013424e+01 -5.468160460261916461e-02 9.984784787821624485e-01 7.116848104427787002e-03 3.270529768866232700e-01 -2.291699147092193366e-03 -7.252991586183111898e-03 9.999710706955826645e-01 -2.289980727254378040e-02
9.979044316217047239e-01 6.464486755498301263e-02 2.790420857359817309e-03 4.858738157065194940e+01 -6.466320821209207981e-02 9.978820460502495493e-01 7.077547194277826470e-03 3.084435216112581535e-01 -2.326983773495274691e-03 -7.243153275080427625e-03 9.999710605198289803e-01 -2.166750132633868051e-02
9.969753488338665148e-01 7.767939744835790361e-02 2.462728091007374345e-03 4.888831894451481475e+01 -7.769406187232456851e-02 9.969556873102631833e-01 6.556698063830860429e-03 2.682494334165591576e-01 -1.945910421779353111e-03 -6.728205688063548101e-03 9.999754720396143437e-01 -1.636209930909297491e-02
9.968302836899867181e-01 7.951809755623104325e-02 2.501535444163337663e-03 4.903305283728519015e+01 -7.953263292600193379e-02 9.968118597634522127e-01 6.377815831882452900e-03 2.518385741783929488e-01 -1.986408416845346272e-03 -6.556553665249899125e-03 9.999765326174591129e-01 -1.333249695154694464e-02
