1.000000000000000000e+00 0.000000000000000000e+00 0.000000000000000000e+00 0.000000000000000000e+00 0.000000000000000000e+00 1.000000000000000000e+00 0.000000000000000000e+00 0.000000000000000000e+00 0.000000000000000000e+00 0.000000000000000000e+00 1.000000000000000000e+00 0.000000000000000000e+00
9.999993041464398935e-01 1.867703292190987623e-04 -1.164827661135542586e-03 3.876087111000008911e-01 -1.867363213924667941e-04 9.999999821354026430e-01 2.930427592696708216e-05 2.521012252810013454e-02 1.164833113495627711e-03 -2.908673990298570814e-05 9.999993211586591935e-01 1.245585894984567281e-02
9.999997120734177569e-01 2.619427424925240954e-04 -7.122071897574576513e-04 9.074110107531176972e-01 -2.621499802438939089e-04 9.999999233267615750e-01 -2.909018027335990870e-04 1.652579403427710536e-02 7.121309355342219771e-04 2.910884240759617405e-04 9.999997040684862615e-01 5.537990405913059688e-03
9.999998503730220811e-01 2.352981917531086944e-04 -4.938508826658058936e-04 1.437733677271281429e+00 -2.354082893485303989e-04 9.999999474513497910e-01 -2.228906345150289000e-04 -1.780706241661472039e-03 4.937984109513485166e-04 2.230068577560584951e-04 9.999998532155246478e-01 1.927758181994775055e-03
9.999999924661289175e-01 3.860509071853051337e-07 -1.227501245458215205e-04 1.700068374616414690e+00 -4.503890793545472320e-07 9.999998626386409351e-01 -5.241397680254838857e-04 5.685988885322849212e-03 1.227499053400646215e-04 5.241398193619981353e-04 9.999998551049447126e-01 3.203022934006607113e-03
9.999982055900719091e-01 -1.894021265422324816e-03 -3.873089830277775457e-05 2.246782309551259793e+00 1.894004219319197265e-03 9.999981115350818905e-01 -4.355161157621997891e-04 -1.071301454695511648e-02 3.955570194552280179e-05 4.354419777829542744e-04 9.999999044128106140e-01 4.110001384946489027e-03
9.999649281314269000e-01 -8.185086993843671693e-03 -1.773938559686009638e-03 2.531726589762981927e+00 8.183429127673381293e-03 9.999660735373595566e-01 -9.398201893327158031e-04 2.424711195146586618e-02 1.781570886233997111e-03 9.252703276025156000e-04 9.999979849379688757e-01 6.061482346010661944e-03
9.996254831232748161e-01 -2.735811454844660692e-02 -6.534974472561348594e-04 3.041827949691940258e+00 2.735748349525363513e-02 9.996252570284301919e-01 -9.558282543657559268e-04 1.044593823575375169e-02 6.794022125524169222e-04 9.375922349257450944e-04 9.999993296664926312e-01 2.671255279624680165e-03
9.991188375611629313e-01 -4.196698054637302416e-02 -5.665458947432398980e-04 3.587451917721839134e+00 4.196648635742362271e-02 9.991186508139227040e-01 -8.576820966806568804e-04 6.377185324395993893e-02 6.020408978464021274e-04 8.331503988700024064e-04 9.999994717034454972e-01 -8.194256643653885855e-04
9.990158431003764994e-01 -4.435139131674605689e-02 -5.471039323192499696e-04 4.083222500404448674e+00 4.435101473439134051e-02 9.990157766614276014e-01 -6.822562528234566229e-04 1.010969148848159527e-01 5.768244739077065669e-04 6.573201910613946531e-04 9.999996176017732497e-01 -3.091765105296254579e-03
9.990867281900331909e-01 -4.272828304045613729e-02 -5.816312784319801511e-05 4.354103773152765200e+00 4.272824681197615743e-02 9.990865941164790431e-01 -5.238140020169784316e-04 1.021454269859342900e-01 8.049167423875757061e-05 5.208504089734297769e-04 9.999998611179612418e-01 -2.228296231976878081e-04
9.990583676512958533e-01 -4.286687425625455156e-02 6.693961265703479192e-03 4.875616782983229314e+00 4.285445571699524753e-02 9.990793483484662341e-01 1.987794960301952300e-03 1.346745051596196507e-01 -6.773009015819386573e-03 -1.699057121632369452e-03 9.999756194796796116e-01 -1.096092185039154732e-02
9.990429500485429326e-01 -4.372889880760531811e-02 -9.835483611343252396e-04 5.120305653978148186e+00 4.372840014492078431e-02 9.990433191636490795e-01 -5.229294835792760087e-04 1.489973873572992547e-01 1.005474549736555230e-03 4.794200176448381603e-04 9.999993795884958292e-01 -6.785899984243115579e-03
9.990818227779019178e-01 -4.283767840913750569e-02 -6.668607802566977076e-04 5.632805186732561253e+00 4.283752543396429635e-02 9.990820225792008680e-01 -2.420201389134286560e-04 2.180659826131265411e-01 6.766161979969137876e-04 2.132312558994297984e-04 9.999997483614444516e-01 -6.179091768305340626e-03
9.991671636046758342e-01 -4.080198805753752073e-02 -4.206479996194352000e-04 6.423587255373664817e+00 4.080219281165759632e-02 9.991671235209199642e-01 4.902414619948231326e-04 2.244517256469225341e-01 4.002948255169575670e-04 -5.069965318490872409e-04 9.999997913592628684e-01 -7.217176788208736621e-03
9.991180448893958177e-01 -4.198906205743097031e-02 2.259290339625187355e-04 6.715672806618036006e+00 4.198895332806673597e-02 9.991179662309220832e-01 4.662113249646846229e-04 2.381784216020085276e-01 -2.453055331809678792e-04 -4.563136238415030528e-04 9.999998658015269992e-01 -7.904057985571661532e-03
9.991950020547962774e-01 -4.011454924593749194e-02 -4.132886532178787044e-04 6.926497667101334521e+00 4.011483366583439014e-02 9.991948277096801556e-01 7.045553100747147576e-04 2.526907433280026760e-01 3.846929659639252309e-04 -7.205671500776342133e-04 9.999996663970964761e-01 -9.294440398133017173e-03
9.990964179288244207e-01 -4.250093978753334556e-02 1.334127740945452618e-04 7.208980433167212709e+00 4.250083257097518608e-02 9.990961692831581420e-01 7.237088454907587756e-04 2.593446000530688078e-01 -1.640504975972075278e-04 -7.173847611786005659e-04 9.999997292232326584e-01 -1.035776287206578716e-02
9.991725553486027200e-01 -4.067170277794321387e-02 -1.312679929429887247e-04 7.995684995216785218e+00 4.067176515794602987e-02 9.991724292885907355e-01 5.138759315920790952e-04 2.715337508262516963e-01 1.102591502422319068e-04 -5.187896286827336622e-04 9.999998593501105981e-01 -1.021889877564665858e-02
9.991458681955083243e-01 -4.131990686081924574e-02 -4.465029193994462663e-04 8.505410466373620082e+00 4.132011034988548187e-02 9.991458552400888093e-01 4.565492578540545645e-04 2.851815130608947868e-01 4.272569684586504496e-04 -4.746088545137354940e-04 9.999997960989382983e-01 -1.523622739578826130e-02
9.991464703195874764e-01 -4.130465268108803045e-02 -5.064729057722502795e-04 9.011664130676869888e+00 4.130491992842336146e-02 9.991464475618435648e-01 5.290692344300724267e-04 3.153841925115213884e-01 4.841875836162848746e-04 -5.495374809543320319e-04 9.999997317854344425e-01 -1.545246014576281968e-02
9.991538419441419183e-01 -4.111124392965492119e-02 1.210681963611888109e-03 9.311644004156702792e+00 4.111070410665512015e-02 9.991544883020303525e-01 4.674545570566517971e-04 3.259512548320732117e-01 -1.228875956170318202e-03 -4.172870286441382405e-04 9.999991578673554926e-01 -4.831715805774714628e-03
9.991486824771248498e-01 -4.125310596947008579e-02 -3.025757711525012533e-04 9.524381522672822342e+00 4.125328140450805481e-02 9.991485418000581875e-01 5.984915854117388734e-04 3.368529079335947918e-01 2.776285037362231228e-04 -6.104643224713246150e-04 9.999997751278372204e-01 -1.922719234793140303e-02
9.991542986745163279e-01 -4.111773384067705234e-02 1.392983940187480965e-04 1.008806841490059725e+01 4.111771411837770313e-02 9.991542991615940394e-01 1.416071437342376210e-04 3.505882131261767176e-01 -1.450031540961407080e-04 -1.357597548426716305e-04 9.999999802716869057e-01 -6.755923927814697083e-03
9.991549829331209942e-01 -4.110130827603692555e-02 5.037770247758150511e-05 1.061992664012392495e+01 4.110128936964054652e-02 9.991549299151395447e-01 3.317204028108055734e-04 3.685350556424498158e-01 -6.396927232565175836e-05 -3.293695048816897160e-04 9.999999437118290979e-01 -1.395677699394357561e-02
9.991596137626338470e-01 -4.097989719135833320e-02 -8.451342437645891241e-04 1.119789268376759317e+01 4.098016983939141433e-02 9.991599125811670978e-01 3.078485490092706597e-04 3.917323497774319874e-01 8.318086552302688752e-04 -3.422235821720486394e-04 9.999995954886086169e-01 -2.122862732680966258e-02
9.991515070893566275e-01 -4.117479255382981013e-02 -9.499153733475454399e-04 1.176038172348473054e+01 4.117501075597326116e-02 9.991519273076927554e-01 2.112973463661384005e-04 4.191228267213828462e-01 9.404096516556060105e-04 -2.502308377805585174e-04 9.999995265069953065e-01 -1.864859375962906254e-02
9.991569908900227448e-01 -4.098945529637308682e-02 -2.274227363660862901e-03 1.210453556310674905e+01 4.098995370904764957e-02 9.991595437062197327e-01 1.729615820468223466e-04 4.388775584984432876e-01 2.265226373924288626e-03 -2.660362482177890272e-04 9.999973989837120936e-01 -2.001415397340752453e-02
9.991505666324951296e-01 -4.118671285168978846e-02 -1.341596972411813636e-03 1.239922369170377792e+01 4.118699091674546398e-02 9.991514396103720053e-01 1.802879506834145361e-04 4.409119154510169891e-01 1.333033078306762728e-03 -2.353911503990035775e-04 9.999990838064894971e-01 -1.907115901286358245e-02
9.991536576940770464e-01 -4.110045638958188807e-02 -1.649485106110768406e-03 1.301345718520167694e+01 4.110084444564886252e-02 9.991549828557469981e-01 2.020405568042921097e-04 4.683975322893138560e-01 1.639787303823053060e-03 -2.696647920952296561e-04 9.999986191882956899e-01 -1.964864452429748720e-02
9.991626483047175711e-01 -4.080819356199432563e-02 -2.948486206515699235e-03 1.398249331274924501e+01 4.080936504470424747e-02 9.991668936304552995e-01 3.382270163761254712e-04 5.172818121669203739e-01 2.932227370324363546e-03 -4.582696513415469679e-04 9.999955960060901150e-01 -2.576117085600718518e-02
9.991633995302554583e-01 -4.084181061662411905e-02 -2.108920268517594249e-03 1.431757513203556620e+01 4.084243177313739981e-02 9.991655679178846894e-01 2.522978153769939104e-04 5.281383550343522471e-01 2.096856218192304309e-03 -3.382201750880504195e-04 9.999977443980128111e-01 -2.031348605492774156e-02
9.991575907034279114e-01 -4.096115036371331813e-02 -2.508605310239170848e-03 1.497521717486020165e+01 4.096212418500334157e-02 9.991606427987644867e-01 3.380298983049137432e-04 5.538182620811518131e-01 2.492653600815065290e-03 -4.405029410252381521e-04 9.999967963124608561e-01 -2.401862664170598127e-02
9.991603830089967886e-01 -4.083648640567322241e-02 -3.303089970620470221e-03 1.532339886009838104e+01 4.083767694963845452e-02 9.991657509355561517e-01 2.937664771348713730e-04 5.649694490923793389e-01 3.288337980152745543e-03 -4.284103469650713653e-04 9.999945016338354087e-01 -2.780723264488030658e-02
9.991593336823375582e-01 -4.085831032178427469e-02 -3.350282542701436307e-03 1.600017857969996982e+01 4.085999192054834417e-02 9.991647871281851279e-01 4.349980932330458749e-04 5.932322100379533447e-01 3.329711056514855251e-03 -5.715249226141522979e-04 9.999942931754876030e-01 -2.893999172784773866e-02
9.991626342298205454e-01 -4.075959471288576746e-02 -3.561712757532252503e-03 1.669795558788683110e+01 4.076132778063230183e-02 9.991688254059410967e-01 4.153245379842118224e-04 6.193839785951130716e-01 3.541823892534303343e-03 -5.601569006028200978e-04 9.999935708332133855e-01 -3.023021969197660017e-02
9.991588624013233444e-01 -4.088561963396547538e-02 -3.151791877669217826e-03 1.777730755024441933e+01 4.088670404187405572e-02 9.991637497549107350e-01 2.803717145114650931e-04 6.671765195984883379e-01 3.137693019663408481e-03 -4.090022650246278387e-04 9.999949937872997241e-01 -2.368807055743896162e-02
9.991581415584139814e-01 -4.084645956053652160e-02 -3.817708593610626751e-03 1.813852734651630172e+01 4.084787731010741663e-02 9.991653338794531658e-01 2.940966154049492066e-04 6.737454524007152612e-01 3.802509276081390745e-03 -4.497943199241782918e-04 9.999926692772678205e-01 -2.638167500298155277e-02
9.991593262771195638e-01 -4.086541200239417193e-02 -3.264784116476465367e-03 1.852868920670149322e+01 4.086654934158878705e-02 9.991645737317640386e-01 2.823903922992168050e-04 6.959243452359096249e-01 3.250516630338616542e-03 -4.155734553024377606e-04 9.999946307057548944e-01 -2.314018156227098597e-02
9.991603396716836061e-01 -4.078836450408310221e-02 -3.863282056475785854e-03 1.887456981501063424e+01 4.079014740401878947e-02 9.991676618914163699e-01 3.838035939989476288e-04 6.966330600661883032e-01 3.844411778705967599e-03 -5.410651738941495929e-04 9.999924638448798309e-01 -2.749461516416144141e-02
9.991664445426360341e-01 -4.068352209923929708e-02 -3.356654529175582841e-03 2.003698555982157714e+01 4.068477813783405450e-02 9.991719845659295940e-01 3.067351578438610657e-04 7.517908115368033828e-01 3.341396100845828599e-03 -4.430442218839392501e-04 9.999943193758226156e-01 -2.474767299242261812e-02
9.991609760812251162e-01 -4.075542802943721982e-02 -4.042148259392660745e-03 2.043114036258057453e+01 4.075746763167824999e-02 9.991689794570796090e-01 4.234654068795814987e-04 7.704924915925687179e-01 4.021530637238538569e-03 -5.878578361190767588e-04 9.999917408231421279e-01 -3.032653760833911930e-02
9.991627129807633123e-01 -4.075680163106855380e-02 -3.571569644651997281e-03 2.160869501627881917e+01 4.075850895244456651e-02 9.991689440153934676e-01 4.065256903990443322e-04 8.204749727995735986e-01 3.552032783402843136e-03 -5.517571650513145715e-04 9.999935392926978528e-01 -2.601254529656189807e-02
9.991594281442771619e-01 -4.075907807124729693e-02 -4.374323397167738207e-03 2.200528964719301328e+01 4.076146188106655882e-02 9.991688016713625720e-01 4.571563535606929418e-04 8.201306394068235139e-01 4.352054195365546822e-03 -6.350758972053353359e-04 9.999903281046699233e-01 -2.799536759060805222e-02
9.991656614347678156e-01 -4.068397320625879304e-02 -3.577056579844380742e-03 2.241620650426550654e+01 4.068561719749880928e-02 9.991719221469713696e-01 3.880030735321172357e-04 8.492072680880953239e-01 3.558308991864054475e-03 -5.332141023057835900e-04 9.999935270389701536e-01 -2.486414603431097436e-02
9.991650104678510003e-01 -4.070001661902391404e-02 -3.576381410079147727e-03 2.322460924774340185e+01 4.070163193189130918e-02 9.991712729789741232e-01 3.800153382519718282e-04 8.799212318628261142e-01 3.557950935584781350e-03 -5.252625892235752861e-04 9.999935325212619963e-01 -2.777463186822584293e-02
9.991664467303823516e-01 -4.071973313952123585e-02 -2.883584787741106520e-03 2.406868135293687416e+01 4.072096858241197603e-02 9.991704884906301709e-01 3.710082287598559297e-04 9.117311485402009863e-01 2.866085464903763910e-03 -4.881213391840447807e-04 9.999957736369019523e-01 -3.001203500943406058e-02
9.991690708949599875e-01 -4.070062042943260738e-02 -2.151107519785595400e-03 2.488822701408313165e+01 4.070149710531943688e-02 9.991712839467156160e-01 3.653349935321060691e-04 9.464641966233868775e-01 2.134455501550269144e-03 -4.525847225426749584e-04 9.999976196305573328e-01 -2.698369578617109549e-02
9.991673542024958055e-01 -4.066456406851679667e-02 -3.315346905185805916e-03 2.529032879752629270e+01 4.066621790694841670e-02 9.991726934242322056e-01 4.329393836216346449e-04 9.489776683515718236e-01 3.294998805587127759e-03 -5.674015181467010390e-04 9.999944105035729613e-01 -2.910616910955926215e-02
9.991726030917327250e-01 -4.054859042449700246e-02 -3.149769114895296148e-03 2.611815514301744656e+01 4.054996927019398345e-02 9.991774413396740107e-01 3.751134343745726046e-04 9.831096864585778805e-01 3.131967924018630531e-03 -5.025261074959318534e-04 9.999949691095622040e-01 -3.225280837314723620e-02
9.991742534289040911e-01 -4.056656297297085018e-02 -2.272719373807576340e-03 2.654745121853026291e+01 4.056723638325478859e-02 9.991767793266894682e-01 2.509712517574388502e-04 1.017533169146447092e+00 2.260667383145601242e-03 -3.429619571769112704e-04 9.999973858766225687e-01 -2.848155680714039434e-02
9.991737616298069780e-01 -4.056454419704272341e-02 -2.512334497618612297e-03 2.738093314660733313e+01 4.056567558901269521e-02 9.991767937448926551e-01 4.010058394139464060e-04 1.037497091796651949e+00 2.493999709049071842e-03 -5.025890592042328879e-04 9.999967636796075476e-01 -3.348361868831854077e-02
9.991598803619755609e-01 -4.057829954506088355e-02 -5.738909397609843858e-03 2.823627043397781478e+01 4.058262305408161241e-02 9.991759817622875017e-01 6.388860769396782291e-04 1.074228710996567582e+00 5.708255520996407227e-03 -8.712493330247076838e-04 9.999833282327794670e-01 -2.774182218436145597e-02
9.991746507007287503e-01 -4.046218815334094027e-02 -3.581721223145337661e-03 2.910129348139509631e+01 4.046295750900160554e-02 9.991810290152071117e-01 1.425683578292276008e-04 1.119911876456582522e+00 3.573019269668765811e-03 -2.873777227962140586e-04 9.999935754530341336e-01 -3.759016275030654941e-02
9.991740892206268931e-01 -4.050825126359999806e-02 -3.197031387997777922e-03 2.954478217313754129e+01 4.050862875480472358e-02 9.991791872064791358e-01 5.338356685403312766e-05 1.135457584835560807e+00 3.192244748793750860e-03 -1.828468344045870546e-04 9.999948880571835064e-01 -3.455813117895498165e-02
9.991760114069626608e-01 -4.055310210930395537e-02 1.656544048816625467e-03 3.040967977686225865e+01 4.055473175130144131e-02 9.991768550756549017e-01 -9.622960582209393174e-04 1.169978826539452621e+00 -1.616156382682473486e-03 1.028683836779813480e-03 9.999981649223715907e-01 -3.916035244091184420e-02
9.991654868057867622e-01 -4.065188334943241333e-02 -3.969175770760210130e-03 3.082358099575040100e+01 4.065288502794194014e-02 9.991733149770956057e-01 1.719784479534009207e-04 1.185190730250172297e+00 3.958903264792429898e-03 -3.331933759338711839e-04 9.999921080024153364e-01 -3.842003854438069688e-02
9.991818304076236501e-01 -4.044302808838728253e-02 1.768115173012407414e-04 3.211734015014177857e+01 4.044323552359960910e-02 9.991808672737158004e-01 -1.392542468944318792e-03 1.223129797276318653e+00 -1.203480510152480905e-04 1.398553962877635126e-03 9.999990147810944308e-01 -3.713343965815113501e-02
9.991856916787734688e-01 -4.034733160538222368e-02 -2.153525860616545089e-04 3.297344196327924237e+01 4.034700193932950346e-02 9.991847993786963089e-01 -1.362396807850003999e-03 1.266172722200731071e+00 2.701461062841360315e-04 1.352598565585090042e-03 9.999990487486484225e-01 -3.348074036162108913e-02
9.991816145339658117e-01 -4.042840577069243407e-02 1.282647316106083190e-03 3.340919628789111329e+01 4.043021363457536405e-02 9.991813608448101292e-01 -1.416321212165445485e-03 1.286786168546987907e+00 -1.224337682123755738e-03 1.467019820478156948e-03 9.999981744233769065e-01 -4.495650843517732392e-02
9.991808621912235955e-01 -4.044887708265119952e-02 1.221872970287849348e-03 3.425958909659424023e+01 4.045064481618197705e-02 9.991804733489002555e-01 -1.458427997086789857e-03 1.322432462817563437e+00 -1.161879838036379217e-03 1.506658893104605157e-03 9.999981900054728534e-01 -4.129317843031952984e-02
9.991723790861469778e-01 -4.067489641873502093e-02 3.311686190517210289e-04 3.467615825045185574e+01 4.067529208415604502e-02 9.991715831513885426e-01 -1.291524919030773199e-03 1.335267474757597661e+00 -2.783616310841753962e-04 1.303926406306056248e-03 9.999991111449696435e-01 -3.944316125935821288e-02
9.991745104086628970e-01 -4.062146721416767109e-02 -4.406256654627247913e-04 3.553084268145344282e+01 4.062109008771837976e-02 9.991742752463335098e-01 -8.335022793008312319e-04 1.371376261302818644e+00 4.741199154552042149e-04 8.149155369931904060e-04 9.999995555613878651e-01 -4.408132920038357327e-02
9.991731290589641601e-01 -4.065739748247199775e-02 -1.849228777689703449e-04 3.638845286466208506e+01 4.065724056152131977e-02 9.991728440272444889e-01 -7.852059795515133360e-04 1.417444012922721264e+00 2.166943493223642706e-04 7.770382616175127788e-04 9.999996746274965043e-01 -4.151632810901123571e-02
9.991760055123667383e-01 -4.058488089905470941e-02 -4.212490479143780366e-04 3.722623283790040460e+01 4.058462114858782388e-02 9.991759199568839289e-01 -6.078688512592367267e-04 1.444472655000115457e+00 4.455721899114114485e-04 5.902717376577868097e-04 9.999997265223122822e-01 -4.262336340459986495e-02
9.991831400577753097e-01 -4.040652723490679304e-02 6.043021586243256180e-04 3.766890124348013558e+01 4.040678622930115454e-02 9.991832229158482681e-01 -4.226938818345975040e-04 1.466688881073594963e+00 -5.867289866208797323e-04 4.467665082761417407e-04 9.999997280743546657e-01 -4.018406886725287008e-02
9.991762383737913256e-01 -4.057980015254952083e-02 -3.528296751388668292e-04 3.807396700972527981e+01 4.057966219207661401e-02 9.991762302551434605e-01 -3.897556893631167591e-04 1.482778097179440424e+00 3.683552327100743070e-04 3.751169145541476276e-04 9.999998618008518747e-01 -4.653468682729840211e-02
9.991874546190178119e-01 -4.030107234735132854e-02 5.040829512962312310e-04 3.851180596905607700e+01 4.030120945845484109e-02 9.991875411371883287e-01 -2.648629935218585734e-04 1.498577395506027976e+00 -4.929991419707978979e-04 2.849629329245047249e-04 9.999998378739732852e-01 -4.226640791588602564e-02
9.991842065110609905e-01 -4.037552346145637655e-02 8.593975069221638846e-04 3.935824963250632180e+01 4.037576741323074120e-02 9.991845301811955737e-01 -2.684257367834947620e-04 1.536327142634873244e+00 -8.478588645597524018e-04 3.029055906701627523e-04 9.999995946916923062e-01 -3.644037118739132386e-02
9.991811911928584200e-01 -4.043364370714486872e-02 1.437923149581598649e-03 4.017928430482716351e+01 4.043354105460030684e-02 9.991822249608047768e-01 1.004000085943014732e-04 1.563729604265396755e+00 -1.440806790097285978e-03 -4.217747548105963546e-05 9.999989611478874441e-01 -4.721501793358873905e-02
9.991762516339574018e-01 -4.053284905099732022e-02 1.976440872803282220e-03 4.099511995647570473e+01 4.053275277162774609e-02 9.991782063647300927e-01 8.876099930836606124e-05 1.590580319506509799e+00 -1.978414382460106508e-03 -8.577293315141892014e-06 9.999980428995655091e-01 -4.869867558142248337e-02
9.991703475111300969e-01 -4.070312025367835845e-02 1.368450255613421710e-03 4.141262207760475889e+01 4.070300810077207704e-02 9.991712831609468326e-01 1.097180732251853643e-04 1.615754386226335271e+00 -1.371782065771674775e-03 -5.392700351292336474e-05 9.999990576524770969e-01 -4.195526747036520260e-02
9.991728882480237495e-01 -4.063991420292603629e-02 1.391676571962299899e-03 4.221686089411222298e+01 4.063978925761911609e-02 9.991738555507136965e-01 1.179534561579258451e-04 1.643689996741546366e+00 -1.395320464425367979e-03 -6.129845286883777561e-05 9.999990246611749622e-01 -3.950920527425961365e-02
9.991867469157237336e-01 -4.025625116655123098e-02 2.297613977358427696e-03 4.263064898934846525e+01 4.025588156587932981e-02 9.991893820447610430e-01 2.069018181808882507e-04 1.660815113917095909e+00 -2.304080581773679162e-03 -1.142410784824604726e-04 9.999973390772840531e-01 -3.852872998587134751e-02
9.991931565078057131e-01 -4.007048394516856543e-02 2.718879248449066442e-03 4.341055701194708405e+01 4.007040364991131670e-02 9.991968553251895369e-01 8.402133867042223280e-05 1.689361862782305712e+00 -2.720062370761466321e-03 2.499304236061104085e-05 9.999963003111796978e-01 -3.743121760169869361e-02
9.991976251058518610e-01 -3.995182347437015863e-02 2.820954430365661594e-03 4.419408879881200392e+01 3.995110382359477047e-02 9.992015875529191016e-01 3.110225113814271583e-04 1.719311342217366478e+00 -2.831128061707075243e-03 -1.980727113976116466e-04 9.999959727324401193e-01 -3.937484301373621320e-02
9.992049770992990076e-01 -3.974803275560752358e-02 3.083444834678182329e-03 4.495497127315140773e+01 3.974668221929728018e-02 9.992096642745844637e-01 4.980691019522376318e-04 1.750940112324866238e+00 -3.100805145046941786e-03 -3.751164236253667103e-04 9.999951221356637721e-01 -4.076319168213513727e-02
9.992002665002677197e-01 -3.992924658820699857e-02 2.117237042033171760e-03 4.535071302204794108e+01 3.992890530069875821e-02 9.992025026070854299e-01 2.032368701123295760e-04 1.771341800147837597e+00 -2.123663646114498735e-03 -1.185353774284459620e-04 9.999977379984829051e-01 -4.172440273760265328e-02
9.992088837243309207e-01 -3.964236005358875298e-02 3.176472219029321219e-03 4.573814543059217641e+01 3.964099276768701802e-02 9.992138656748613679e-01 4.922758294365850874e-04 1.782403234777109491e+00 -3.193490060861297122e-03 -3.659678697544991905e-04 9.999948338310300500e-01 -4.315525851897575316e-02
9.992009615826652480e-01 -3.989964413223484607e-02 2.335973115894239820e-03 4.609012112984262188e+01 3.989879072672121441e-02 9.992036417699340367e-01 4.108189951067642114e-04 1.804389059646338556e+00 -2.350504376185706939e-03 -3.172882324527918126e-04 9.999971872247216398e-01 -4.064404329607618216e-02
9.992336152350554945e-01 -3.900602484617776006e-02 3.272951264609635490e-03 4.721530474076985939e+01 3.900426949043055841e-02 9.992388647324308426e-01 5.984728570620886836e-04 1.841453627490128087e+00 -3.293804153105433282e-03 -4.703551234283237601e-04 9.999944647948101339e-01 -4.356651443149396619e-02
9.992272171591735086e-01 -3.908812564345933577e-02 4.133633028584445847e-03 4.793462476945326500e+01 3.908466699406729777e-02 9.992354842458848196e-01 9.142373077345884985e-04 1.877477872077545129e+00 -4.166208623765029449e-03 -7.519691304328269838e-04 9.999910385839115845e-01 -4.258669366894961977e-02
9.990535202525928637e-01 -4.325290474594115780e-02 4.609761592592743519e-03 4.863307193487241875e+01 4.324835256884319162e-02 9.990637656080305629e-01 1.082704568796396139e-03 1.890942596910933471e+00 -4.652275892833123393e-03 -8.823152162348422587e-04 9.999887888615932585e-01 -4.333810715739319641e-02
9.990221576049408414e-01 -4.401558790035416113e-02 4.166129637310880471e-03 4.898426210509635581e+01 4.401192090370041610e-02 9.990305371014137625e-01 9.678621943030756881e-04 1.902989154860616816e+00 -4.204691752685583983e-03 -7.835564095450226006e-04 9.999908532614775192e-01 -4.450069479112712251e-02
9.990106042055384439e-01 -4.407687552230445116e-02 5.919605483157527534e-03 4.932301216942402533e+01 4.406607295144970848e-02 9.990267290843211079e-01 1.943139140641871824e-03 1.917988875853861019e+00 -5.999491605333067551e-03 -1.680362839883445692e-03 9.999805910522483465e-01 -4.777061775053566273e-02
9.988535536783569313e-01 -4.744564221318293973e-02 6.363123375852821131e-03 4.995942260564495285e+01 4.743346787723649871e-02 9.988722942973455865e-01 2.050807230404964182e-03 1.937038828011850899e+00 -6.453249511437180244e-03 -1.746631081751859847e-03 9.999776521755910919e-01 -4.502138089152343120e-02
9.991098114679339837e-01 -4.184750326842984897e-02 5.326452732173078859e-03 5.090735914339929735e+01 4.184131994720181186e-02 9.991234650359069880e-01 1.267106830027935538e-03 1.984247166670034090e+00 -5.374809167329784067e-03 -1.043113053108441065e-03 9.999850115584598687e-01 -4.382692545199136369e-02
9.991524030191546446e-01 -4.071995129640181010e-02 6.030017202917689091e-03 5.147519540880375644e+01 4.070907081410758688e-02 9.991692045331694860e-01 1.916315737388530260e-03 2.032932339457099946e+00 -6.103039775455583633e-03 -1.669215076631309956e-03 9.999799831129256855e-01 -4.691951147061265703e-02
9.990322516931761099e-01 -4.349998938464022524e-02 6.504690645882620428e-03 5.175548402216648469e+01 4.348512206705561212e-02 9.990511680781473114e-01 2.409921264828052048e-03 2.036165630043114572e+00 -6.603350337193869199e-03 -2.124731800859795076e-03 9.999759403501159438e-01 -4.485196438034860095e-02
9.989161943883504424e-01 -4.613640869463901673e-02 6.153729069154691665e-03 5.204286975017958383e+01 4.612490940095533010e-02 9.989336823311510960e-01 1.997758013522278001e-03 2.043490991883146979e+00 -6.239336619303796454e-03 -1.711752636383719137e-03 9.999790700717005043e-01 -4.485448767467703490e-02
9.988308183462779599e-01 -4.810021023811646146e-02 4.833849061945220092e-03 5.289106769020931864e+01 4.809333216995803628e-02 9.988416755098669109e-01 1.529269574578037911e-03 2.093190705446873245e+00 -4.901808084243120846e-03 -1.295005672052274405e-03 9.999871475363143469e-01 -4.765630267092789418e-02
9.988296202368743826e-01 -4.817727410116810077e-02 4.282522345795020634e-03 5.344542446140069814e+01 4.817147902037140911e-02 9.988380333938713385e-01 1.446255459279879125e-03 2.122376281596513703e+00 -4.347222843521244585e-03 -1.238267355823291548e-03 9.999897841215700245e-01 -4.733975186723868994e-02
9.991539559204359877e-01 -4.094218830240416163e-02 3.887105035105324537e-03 5.401979607373041148e+01 4.093569284869584546e-02 9.991602748164989389e-01 1.736168083877911734e-03 2.127973741778957262e+00 -3.954923455731186241e-03 -1.575577871361728312e-03 9.999909380263556358e-01 -5.190060170485037705e-02
9.995309787816081259e-01 -3.056978922826332490e-02 1.819462123833662714e-03 5.429754269731301264e+01 3.056747381347055259e-02 9.995318769213114019e-01 1.287075298164112262e-03 2.162376832105794566e+00 -1.857956012208477519e-03 -1.230855271714718317e-03 9.999975164942944694e-01 -4.013372162571067492e-02
9.996550244544374353e-01 -2.606096172565370434e-02 3.264713912763280573e-03 5.459392792856152710e+01 2.605506100477886916e-02 9.996588212134017715e-01 1.837108126700062825e-03 2.161990075892346486e+00 -3.311476866207751189e-03 -1.751412049161599205e-03 9.999929833137823909e-01 -5.144446083100306932e-02
9.999464698256338435e-01 -9.673361260739546386e-03 3.671997436274767376e-03 5.513071256114110952e+01 9.663674932071517759e-03 9.999498033691741616e-01 2.646531457812603075e-03 2.158729656778729300e+00 -3.697413969254398618e-03 -2.610904798946641747e-03 9.999897561005666180e-01 -5.193545779607090102e-02
9.998445285858157394e-01 1.704365633188920787e-02 4.520225198859482811e-03 5.567421680413763596e+01 -1.706375460633472591e-02 9.998445201960806106e-01 4.445639729454125069e-03 2.130943981929634745e+00 -4.443752439407683448e-03 -4.522080573117141788e-03 9.999799017238033549e-01 -5.772310574807419659e-02
9.984771331883094403e-01 5.493138881200597401e-02 5.094803552557643916e-03 5.619437126801847882e+01 -5.498184535301733900e-02 9.984336331022695132e-01 1.035745971652821291e-02 2.077154202184340992e+00 -4.517873574129176867e-03 -1.062180838590321731e-02 9.999333807834306365e-01 -4.206701201702730403e-02
9.954391544348606402e-01 9.530940345577652850e-02 4.124006657818514443e-03 5.670363436422170622e+01 -9.534905032665745572e-02 9.953851059591093398e-01 1.081893879163742245e-02 2.019063543930527338e+00 -3.073828201813231728e-03 -1.116281540099387654e-02 9.999329693196984392e-01 -4.035636854521161554e-02
9.932259526236423275e-01 1.161946347532136908e-01 1.006920764199360167e-03 5.695548594949448784e+01 -1.161986606433232511e-01 9.931649136825371205e-01 1.101478527509409597e-02 1.982428578542741571e+00 2.798205780634226104e-04 -1.105717344197412050e-02 9.999388284369790103e-01 -5.693592297465398244e-02
9.907616667978670355e-01 1.354612168630852376e-01 6.448126075410180041e-03 5.720210980212091556e+01 -1.355344904815551643e-01 9.906905553043352519e-01 1.275247116025501719e-02 1.941886779692871823e+00 -4.660632340940929624e-03 -1.350860306471753959e-02 9.998978928617774375e-01 -5.085934588711704674e-02
9.844418052335356384e-01 1.755615066347342434e-01 7.244963538871791904e-03 5.766592898151156277e+01 -1.756457124969735273e-01 9.843628532619574933e-01 1.335502899317532466e-02 1.843624091383059049e+00 -4.787043969710267320e-03 -1.441979563378745569e-02 9.998845701899353733e-01 -5.732386503447309267e-02
9.768291284633436877e-01 2.138582488069998844e-01 8.336858086103748205e-03 5.812198035290004583e+01 -2.139586139540921028e-01 9.767427461768198871e-01 1.397566834924611305e-02 1.723978168436897773e+00 -5.154153702430213681e-03 -1.543558253412154017e-02 9.998675799781909790e-01 -6.250233932477081145e-02
9.685673222093506007e-01 2.486218177344971247e-01 8.033311558908236977e-03 5.857169314809255667e+01 -2.487117379159578812e-01 9.684850012775721995e-01 1.338931376900051942e-02 1.569078304050037120e+00 -4.451266227925940872e-03 -1.496643066249804185e-02 9.998780886599090145e-01 -5.551201476408021418e-02
9.637727762486272276e-01 2.666484699870204644e-01 6.374105081862766267e-03 5.877014158729767956e+01 -2.667107317822962620e-01 9.636913564468893023e-01 1.282010381029305944e-02 1.495226164963534110e+00 -2.724208906385923445e-03 -1.405570927188261841e-02 9.998975026084917506e-01 -5.322974230587110278e-02
9.586221906991513331e-01 2.845860781024629471e-01 7.366114947431294871e-03 5.920036381521219226e+01 -2.846580061297564468e-01 9.585541656916513054e-01 1.198878565217890990e-02 1.345512325470849868e+00 -3.648978677859132311e-03 -1.358953955957268797e-02 9.999009997840623276e-01 -4.853802775563278993e-02
9.583840407152370844e-01 2.853914182819127232e-01 7.195058955500467646e-03 5.941056109515755423e+01 -2.854594944124746458e-01 9.583209131249137425e-01 1.157171193929072001e-02 1.262815255246344082e+00 -3.592708185918874492e-03 -1.314404193807530360e-02 9.999071589949843908e-01 -4.551050034370159036e-02
9.584625234054093834e-01 2.851848035336038700e-01 4.383954930747692262e-03 5.981851990173706923e+01 -2.852038992675919316e-01 9.584557561826388961e-01 4.615114616913725855e-03 1.146890385367638210e+00 -2.885666282910783614e-03 -5.673735441994945915e-03 9.999797406228977392e-01 -4.709545016574459564e-02
9.586162906892321534e-01 2.846742728332186112e-01 3.919899500737860157e-03 6.041105465567734001e+01 -2.846860468640325936e-01 9.586165381474288649e-01 2.861382737239899759e-03 9.567288330079596337e-01 -2.943118439261869709e-03 -3.858908798784470729e-03 9.999882233690230438e-01 -4.884790677968411932e-02
9.577505873356005894e-01 2.875791333346752743e-01 3.471963247102074265e-03 6.059625992509829473e+01 -2.875889963885807643e-01 9.577498881054192781e-01 2.778666994385302780e-03 9.036757040656890894e-01 -2.526185765347147439e-03 -3.659768371614695055e-03 9.999901121915881763e-01 -4.446078253194532537e-02
9.556675259095952502e-01 2.944348579236865104e-01 2.773871174296521896e-03 6.077937998208644643e+01 -2.944416242896624736e-01 9.556662963284242585e-01 2.461696077418442947e-03 8.524151191907909375e-01 -1.926086056826138444e-03 -3.169306133977980392e-03 9.999931228219176571e-01 -4.429068042737590444e-02
9.546075116482007905e-01 2.978327960107969852e-01 4.486014402686975752e-03 6.098230505448864136e+01 -2.978471325437289097e-01 9.546090189519451652e-01 2.950689933406496455e-03 7.783607065158379967e-01 -3.403577574925941568e-03 -4.152897301364755211e-03 9.999855844479438316e-01 -4.909160583591407057e-02
9.406121511232835575e-01 3.394525508181410189e-01 4.554876758651170768e-03 6.152092956071204100e+01 -3.394714441732245569e-01 9.406063904425587818e-01 4.330917866453346671e-03 5.614882453191358813e-01 -2.814205069714130480e-03 -5.619964561993312860e-03 9.999802479290016421e-01 -5.412613291278919186e-02
9.289022583769822594e-01 3.703060408158901362e-01 3.745733226280341908e-03 6.187228977638100957e+01 -3.703208761269185523e-01 9.288920809886451746e-01 4.685144733701573048e-03 3.939210057694036982e-01 -1.744444534401411303e-03 -5.739164734052262275e-03 9.999820092888780376e-01 -4.603748444984196581e-02
9.235351468473806946e-01 3.834284223547616000e-01 8.091814884535981911e-03 6.204247387493357024e+01 -3.834734487821870319e-01 9.235384651008951007e-01 4.981722410797783003e-03 2.974160733433499626e-01 -5.562968333763382983e-03 -7.703791898889064509e-03 9.999548514676530608e-01 -6.494108938755827065e-02
9.084926149092356074e-01 4.178251236649959122e-01 7.958309475642574154e-03 6.235877008783749886e+01 -4.178899230053950697e-01 9.084420646095201501e-01 1.005124363137967040e-02 1.245059951407840870e-01 -3.030000977586035267e-03 -1.245717794379130015e-02 9.999178155287326009e-01 -4.650029799750363124e-02
9.034914709971613167e-01 4.285422843317097663e-01 7.394077031363453269e-03 6.250580337761294203e+01 -4.286011728118876429e-01 9.034291514552156288e-01 1.080754205097391243e-02 4.626420332176128802e-02 -2.048535979703814368e-03 -1.293363215300191368e-02 9.999142586540461508e-01 -4.672285283857983973e-02
8.987176712673710099e-01 4.384471951466189510e-01 8.402643620695482429e-03 6.267645132267198704e+01 -4.385150621394391934e-01 8.986722650424908698e-01 9.628100552183037689e-03 -5.079747477927917809e-02 -3.329809093260980950e-03 -1.233762989645086940e-02 9.999183442961433466e-01 -5.258846494338419164e-02
8.994478883107174250e-01 4.369782688115984026e-01 6.594603840237147317e-03 6.299499716717313191e+01 -4.370102170483405324e-01 8.994450585800759512e-01 4.544974284434919430e-03 -2.120471014016481748e-01 -3.945428842788890715e-03 -6.969876778131356941e-03 9.999679266901234653e-01 -5.710373293837803232e-02
8.975324030679948661e-01 4.409226865911047288e-01 4.771780828251009215e-03 6.345113360711501116e+01 -4.409383911927913791e-01 8.975325590521023855e-01 2.939492081508793785e-03 -4.519922284668385637e-01 -2.986739912223753107e-03 -4.742350753249535873e-03 9.999842946236855434e-01 -4.414218578756207156e-02
8.995387888908469298e-01 4.368157157922963885e-01 4.690172454406170074e-03 6.360594331120808675e+01 -4.368311539344784666e-01 8.995385827588279204e-01 2.980114177566939304e-03 -5.235001538567425339e-01 -2.917230374914346353e-03 -4.729541743454958487e-03 9.999845604817289013e-01 -4.764882199151704301e-02
8.963107556885371308e-01 4.433821701384549341e-01 6.267410977242745228e-03 6.374756203684819411e+01 -4.433964370427627699e-01 8.963250168049593514e-01 1.031439466325546200e-03 -5.883281784530254299e-01 -5.160315380554819815e-03 -3.703437984301364769e-03 9.999798276426727917e-01 -4.841235796699062954e-02
8.965220247512033502e-01 4.429731782562640885e-01 4.798174814105837967e-03 6.404794575946826285e+01 -4.429821560574968564e-01 8.965299275224026809e-01 9.478772741792771198e-04 -7.370143699907631962e-01 -3.881823109590046197e-03 -2.975298677356240026e-03 9.999880394520358484e-01 -5.671079689901623033e-02
8.953827173220871849e-01 4.452742866074575478e-01 4.538634941815689397e-03 6.432353441599801158e+01 -4.452843066968639740e-01 8.953880587705043137e-01 1.452728701858458857e-03 -8.783922925545629701e-01 -3.416976793666127998e-03 -3.321731086018376092e-03 9.999886451216252192e-01 -5.760833274370399937e-02
8.909114733016496590e-01 4.541468245520636771e-01 5.235311715759541351e-03 6.459358808967451182e+01 -4.541644443012690102e-01 8.909133651934210141e-01 2.834299252652475523e-03 -1.020416480689100514e+00 -3.377021173101468071e-03 -4.902802159090236152e-03 9.999822789724752692e-01 -5.791599653558765493e-02
8.825042716029807277e-01 4.702784353889318258e-01 4.940021318866595623e-03 6.484847237298087919e+01 -4.702949035284789692e-01 8.825044865118166770e-01 2.921472514596733759e-03 -1.180010137599559084e+00 -2.985685454167472802e-03 -4.901478823087313495e-03 9.999835304582348483e-01 -5.436378211363441376e-02
8.769646641736617010e-01 4.805280395030726570e-01 5.077503531277470505e-03 6.496860722511149788e+01 -4.805451431495002534e-01 8.769651783197682793e-01 2.905410470720156627e-03 -1.255852647512941012e+00 -3.056662592279142752e-03 -4.987911979021568062e-03 9.999828886275436979e-01 -6.039741784859076895e-02
8.710913840854487278e-01 4.910944321929373024e-01 5.104825285327380981e-03 6.509075660479894054e+01 -4.911130384991090891e-01 8.710893191448891848e-01 3.373646078935252542e-03 -1.327301377217878331e+00 -2.789979976594805615e-03 -5.445800289198368151e-03 9.999812794602408461e-01 -6.150485141088292418e-02
8.584994195931552330e-01 5.127869427622289145e-01 5.319576184446781104e-03 6.531332436236689887e+01 -5.128063009126384575e-01 8.584982273425540988e-01 3.239042140633415206e-03 -1.485721567273750265e+00 -2.905908207787795232e-03 -5.508627983340678297e-03 9.999806051695347975e-01 -5.527512724773454150e-02
8.382057769804652780e-01 5.453238655311635208e-01 5.740829097277360890e-03 6.563988021629845093e+01 -5.453464865869933620e-01 8.382032192851324170e-01 3.545806997359926289e-03 -1.724323645544584949e+00 -2.878368252475881853e-03 -6.102856887541436431e-03 9.999772348078797002e-01 -5.318697584258284122e-02
8.241907544090345539e-01 5.662826313631702524e-01 5.794977400329861042e-03 6.583529966590883475e+01 -5.663053271359378416e-01 8.241881940912941795e-01 3.478099767076111518e-03 -1.906472983839906377e+00 -2.806564470134239805e-03 -6.148344243375515952e-03 9.999771602686432503e-01 -5.394799908626449203e-02
