1.000000000000000000e+00 0.000000000000000000e+00 0.000000000000000000e+00 0.000000000000000000e+00 0.000000000000000000e+00 1.000000000000000000e+00 0.000000000000000000e+00 0.000000000000000000e+00 0.000000000000000000e+00 0.000000000000000000e+00 1.000000000000000000e+00 0.000000000000000000e+00
9.999999985705623207e-01 -6.911808206512864004e-06 -5.301982803318049646e-05 6.498704489984338806e-02 6.892585777368083515e-06 9.999999342574137362e-01 -3.625433221911950033e-04 -1.132521175056049132e-03 5.302233037742942208e-05 3.625429562292493599e-04 9.999999328756163930e-01 9.586119855709877239e-04
9.999999940808083077e-01 6.289017918650930165e-05 8.878743612538954810e-05 1.637531632178125252e-01 -6.288463012050892885e-05 9.999999960696532852e-01 -6.249973294087183943e-05 -5.690443357070939547e-04 -8.879136639582791389e-05 6.249414920584383528e-05 9.999999941052872821e-01 -2.666084578874269688e-04
9.999999144447544452e-01 4.030707812689741584e-04 9.297542167705447676e-05 3.365711572474507363e-01 -4.030658851377483384e-04 9.999999173817087916e-01 -5.267321749182529212e-05 2.405677989093571098e-03 -9.299664503051038400e-05 5.263573776472092421e-05 9.999999942905515304e-01 7.941467152249533958e-04
9.999998814171435768e-01 4.809216640448784772e-04 7.668149638304609661e-05 4.894131832023469464e-01 -4.809300718598931088e-04 9.999998783398942326e-01 1.096652299467223090e-04 -3.441349984262210594e-03 -7.662874666909330677e-05 -1.097020953798719025e-04 9.999999910467426423e-01 -1.415903347336286942e-03
9.999999185598614782e-01 3.996305667627344485e-04 5.635317674744621516e-05 5.046502990865597837e-01 -3.996257118073752728e-04 9.999999164398287732e-01 -8.613725106702135870e-05 -4.943089965929608337e-03 -5.638759511702841825e-05 8.611472387362139984e-05 9.999999947023466840e-01 -1.947126795554112366e-03
9.999998814075242715e-01 4.753443598145496232e-04 1.059843244499100880e-04 6.256308327380315504e-01 -4.753592242631471832e-04 9.999998771789126994e-01 1.402703367557654821e-04 -4.414786950330962766e-03 -1.059176347193739929e-04 -1.403207007470135144e-04 9.999999845457776537e-01 5.013142941861581728e-05
9.999997780431761907e-01 6.361261071009756450e-04 1.981342325942533032e-04 8.277244355463273529e-01 -6.361327333419157038e-04 9.999997971103743444e-01 3.338196655922211599e-05 1.799970195802280334e-03 -1.981129572544383308e-04 -3.350799882081563724e-05 9.999999798142349405e-01 -2.085704613662339117e-03
9.999998663869964499e-01 4.633038361109395771e-04 2.292935774038138504e-04 9.743719176626450817e-01 -4.634912193543625934e-04 9.999995581547018730e-01 8.178424608048126499e-04 -3.179992119385499291e-03 -2.289145665420994861e-04 -8.179486270902060251e-04 9.999996392790172495e-01 -8.884386176884599175e-04
9.999998167379210434e-01 5.614576523022026108e-04 2.264716956235809074e-04 1.137680419801267551e+00 -5.615150475591529659e-04 9.999998102323506277e-01 2.534484447442642875e-04 -2.458501141620878308e-03 -2.263293520778138104e-04 -2.535755655617142387e-04 9.999999422372267688e-01 1.940548894671977672e-04
9.999998031891198513e-01 5.997288026514128925e-04 1.842473467610222261e-04 1.319071153468316382e+00 -5.997755943982943476e-04 9.999997878737051371e-01 2.540113797583360019e-04 6.867940880533082541e-05 -1.840949697366729232e-04 -2.541218368280527095e-04 9.999999507655659148e-01 -6.627988151111489663e-04
9.999998528454653313e-01 4.919534424820459556e-04 2.286719441421034807e-04 1.486303818934523902e+00 -4.919992016847561525e-04 9.999998589493078738e-01 2.000953520634888910e-04 -3.893713357281501294e-03 -2.285734742904952060e-04 -2.002078290325160739e-04 9.999999538354950035e-01 -4.565057277459848468e-04
9.999998387704828184e-01 5.182120309644596117e-04 2.321966824953123243e-04 1.625638934531197899e+00 -5.183459575462184485e-04 9.999996991409266789e-01 5.770923014130317644e-04 -4.915798815537808161e-03 -2.318975564632644163e-04 -5.772125665804457703e-04 9.999998065245694345e-01 -2.301451594586254295e-03
9.999997936217998040e-01 5.817940795591787506e-04 2.725289099195982905e-04 1.824746574586587844e+00 -5.819359227143658560e-04 9.999996951212601903e-01 5.206802940151123143e-04 -5.872304969746187930e-03 -2.722258981189265223e-04 -5.208387809207107224e-04 9.999998273099974799e-01 -1.890753986205234022e-03
9.999998550150408505e-01 4.537032613859216584e-04 2.900400797679814806e-04 1.974543905321969994e+00 -4.539912630257237573e-04 9.999994032473931149e-01 9.936784141415251192e-04 -1.502867286166635272e-03 -2.895890715485429506e-04 -9.938099457352429517e-04 9.999994642398372102e-01 -1.564205562490565780e-04
9.999997257003183648e-01 6.480665849928685844e-04 3.586209549599421562e-04 2.178644274554442539e+00 -6.486515502610578363e-04 9.999984555501739703e-01 1.633446795281392376e-03 -1.634830789357520631e-03 -3.575618188014851651e-04 -1.633678967265847449e-03 9.999986016203110673e-01 -1.378377669900687514e-03
9.999998721712813898e-01 4.940608259675498314e-04 1.075235841965974359e-04 2.351670140768220119e+00 -4.941548630638578068e-04 9.999994939460880028e-01 8.763096137724765569e-04 1.858522381685300158e-03 -1.070905795322832935e-04 -8.763626350569662113e-04 9.999996102599938430e-01 -6.144485578778351512e-03
9.999998821484633593e-01 4.778324088328420125e-04 8.590255174903951494e-05 2.368784646600611499e+00 -4.779141623056114068e-04 9.999994305384684035e-01 9.542121317399742536e-04 8.992488089172769733e-04 -8.544654934939398575e-05 -9.542530733306672352e-04 9.999995410498743187e-01 -7.319050276955950916e-03
9.999994867824182343e-01 6.104686699165115570e-04 8.085560606232495727e-04 2.546032778950387598e+00 -6.121778836040138406e-04 9.999975752616129254e-01 2.115350829908818966e-03 -7.420002292790491265e-04 -8.072627446787900918e-04 -2.115844724411549381e-03 9.999974357606939979e-01 3.033817184075904977e-03
9.999996771307331223e-01 6.449829079930311307e-04 4.793072896356609380e-04 2.691463702182165907e+00 -6.457840815908930544e-04 9.999983915919136157e-01 1.673253270074988395e-03 -1.139341497317692114e-03 -4.782272989539986148e-04 -1.673562258850768911e-03 9.999984852428609461e-01 4.374532614861287305e-04
9.999998371389697827e-01 5.486158875544073750e-04 1.572979396820704183e-04 2.854839990581525377e+00 -5.487508348790340459e-04 9.999994803639776775e-01 8.591532435263633328e-04 -3.415680090810145793e-03 -1.568265128251522360e-04 -8.592394209795062776e-04 9.999996185564583584e-01 -5.900316793965973763e-03
9.999995030363597603e-01 7.012900269347085080e-04 7.086037903781442588e-04 3.020061532039996610e+00 -7.030283815131107812e-04 9.999967370319307047e-01 2.455947187207446585e-03 -5.435444659656335845e-03 -7.068791469575355429e-04 -2.456444135266875294e-03 9.999967330967046708e-01 -1.802961855920331632e-03
9.999999374320929224e-01 -5.535934836752556462e-05 3.493868241015658837e-04 3.211177010366038420e+00 5.479909691655689412e-05 9.999987131583555344e-01 1.603333618430175314e-03 2.073571624209005412e-03 -3.494751340003826460e-04 -1.603314372030511213e-03 9.999986536241711743e-01 -5.677002909317147190e-03
9.999999373718004847e-01 -7.776077526947353807e-05 3.452675150019844847e-04 3.218413314245995860e+00 7.722200681590175224e-05 9.999987799415849254e-01 1.560176946144783104e-03 6.606116378549409252e-04 -3.453884143243371213e-04 -1.560150186183313289e-03 9.999987233183049717e-01 -5.556033119544527207e-03
9.999982323286092933e-01 1.794938434829700287e-03 5.599425612881263423e-04 3.389619185417354963e+00 -1.796071540119834487e-03 9.999963271886094240e-01 2.029713357690211047e-03 -7.341181413291890737e-03 -5.562972942073037864e-04 -2.030715466722408328e-03 9.999977833615500966e-01 -7.396748075053738262e-03
9.999989488408101979e-01 -1.197885718195822787e-03 8.169376236164112249e-04 3.570420458408785080e+00 1.195057964636708856e-03 9.999933237556348775e-01 3.453155168703642055e-03 6.228868085902290741e-03 -8.210686548005091635e-04 -3.452175251074138512e-03 9.999937041463311527e-01 -9.423926146264461484e-03
9.999991670720821402e-01 -1.091248512278657169e-03 6.892255265653252127e-04 3.742839140601239567e+00 1.089231019408837134e-03 9.999951412056521383e-01 2.920811680718665183e-03 6.705096518365892544e-03 -6.924095091614626161e-04 -2.920058522070169763e-03 9.999954969035107499e-01 -1.343409094554180207e-02
9.999992299749893565e-01 -1.069345148317134590e-03 6.297224643212670763e-04 3.877545201149692922e+00 1.067668452609837762e-03 9.999959003722764805e-01 2.656938598332473592e-03 4.375446674648579906e-03 -6.325610670930975881e-04 -2.656264217614245828e-03 9.999962720565025442e-01 -1.302247973246860313e-02
9.999992377369117946e-01 -1.039985315421881103e-03 6.655495016045587589e-04 4.040693085496478432e+00 1.038048834675192860e-03 9.999952464724155554e-01 2.903357916212013883e-03 1.344057962681335233e-02 -6.685657874949185384e-04 -2.902664830204883251e-03 9.999955637684955212e-01 -1.117038088391990661e-02
9.999991824706083721e-01 -1.086624770523460150e-03 6.740213074513513956e-04 4.190574314700454828e+00 1.084589215534711559e-03 9.999948725394635085e-01 3.013065053329849318e-03 7.364974363072153765e-03 -6.772919225558435719e-04 -3.012331553819507218e-03 9.999952335557712457e-01 -1.339457627624739133e-02
9.999991574710153097e-01 -1.119848847570787537e-03 6.565027175039362534e-04 4.194347871639834580e+00 1.117940288976001541e-03 9.999951690651320835e-01 2.900354445260386240e-03 5.856577756807694601e-03 -6.597475045651390434e-04 -2.899618070789980722e-03 9.999955784643619339e-01 -1.243159931250154351e-02
9.999990308138272388e-01 -1.195609953192906371e-03 7.133640347159616278e-04 4.358685711712812605e+00 1.193144257723939995e-03 9.999933476036507729e-01 3.446905166132419127e-03 4.425410555655102940e-03 -7.174804432600013441e-04 -3.446050679237905052e-03 9.999938049590755273e-01 -1.998106822892584122e-02
9.999989614891511280e-01 -1.234118336338943869e-03 7.442933232545899088e-04 4.513448995203649616e+00 1.231913053664390051e-03 9.999948718081799193e-01 2.956137271857089532e-03 6.677017880769966877e-03 -7.479377295875915726e-04 -2.955217297215789306e-03 9.999953536291450451e-01 -1.586837812240719098e-02
9.999995718628291730e-01 -8.215186155648551692e-05 9.216969295966245639e-04 4.685286159026904151e+00 7.871756953038761180e-05 9.999930573098133602e-01 3.725471207325319403e-03 -1.373802088231232139e-03 -9.219965849352532421e-04 -3.725397058570474942e-03 9.999926356424098106e-01 -1.608556725908719814e-02
9.999994596517121082e-01 6.357981659289749059e-04 8.224700456538006771e-04 4.859597105622746938e+00 -6.387965129530984686e-04 9.999931331331549655e-01 3.650428132590029066e-03 8.445115162791670335e-04 -8.201434623499568883e-04 -3.650951551084609739e-03 9.999929989342288827e-01 -1.781423073574864985e-02
9.999992015234860920e-01 9.473187058807410648e-04 8.363848753896392695e-04 5.024443692176833842e+00 -9.504621947388779179e-04 9.999924566773000789e-01 3.766060290877015510e-03 -5.352522751240020027e-03 -8.328109069076003587e-04 -3.766852235970632578e-03 9.999925585974256403e-01 -1.724357539483375307e-02
9.999992062615589150e-01 9.493987950405064716e-04 8.283225097907324572e-04 5.023910459958683461e+00 -9.525247602546053124e-04 9.999923958687254588e-01 3.781653250545138727e-03 -6.011048692329924899e-03 -8.247259140783018763e-04 -3.782439246601634365e-03 9.999925064621796311e-01 -1.652963001505276461e-02
9.999990749239788812e-01 1.025477529575259845e-03 8.936145829274245783e-04 5.171041777655553062e+00 -1.028582261101706769e-03 9.999934128421766877e-01 3.480846274691504899e-03 -4.038005680628994898e-03 -8.900391669085318301e-04 -3.481762210752343753e-03 9.999935425602453076e-01 -1.551785866632145357e-02
9.999990348402074680e-01 1.077683706325668379e-03 8.768788301463610385e-04 5.337980409208815225e+00 -1.081266425057599793e-03 9.999910284275232986e-01 4.095598537749767232e-03 -8.497895475588155764e-03 -8.724572033525988509e-04 -4.096542724480612546e-03 9.999912285395980982e-01 -2.227724423356773620e-02
9.999990223560759617e-01 1.089779789189595756e-03 8.761660249747900853e-04 5.488490401994610579e+00 -1.093540170963388678e-03 9.999901445713168524e-01 4.302897875993802641e-03 -7.884171044181164517e-03 -8.714681788428114625e-04 -4.303851792036582184e-03 9.999903586550049628e-01 -2.300618469720936560e-02
9.999989416374628348e-01 1.117673722185396571e-03 9.314125857436967703e-04 5.632796890582528526e+00 -1.122042086481311873e-03 9.999883123155256515e-01 4.702792139015965316e-03 -6.151018815994827547e-03 -9.261455124926010543e-04 -4.703832245878028680e-03 9.999885080423136507e-01 -2.285915203965051962e-02
9.999990175634849709e-01 1.000662408161236833e-03 9.816042021820040649e-04 5.774642581944537056e+00 -1.005166107005344735e-03 9.999889221753819335e-01 4.598387501649351186e-03 -9.037887726811064115e-03 -9.769918946317490780e-04 -4.599369659300087468e-03 9.999889455816873829e-01 -2.213144447334989412e-02
9.999985953080146039e-01 1.290957152808849687e-03 1.069023679440542565e-03 5.944163187750390875e+00 -1.296533190033657317e-03 9.999854732787274436e-01 5.231847972429786407e-03 -4.981193477282611082e-03 -1.062254058469100978e-03 -5.233226647976196681e-03 9.999857423759431763e-01 -2.333097003861392058e-02
9.999969929349175057e-01 2.204280364922698698e-03 1.074834496703043051e-03 6.080812924009354248e+00 -2.209823266276014341e-03 9.999841246238113657e-01 5.183356198597159625e-03 -1.001284210074018452e-02 -1.063391863008099347e-03 -5.185715806185934446e-03 9.999859886765030126e-01 -2.279350514608212419e-02
9.999953737021061162e-01 2.809831391341811434e-03 1.165084519446261220e-03 6.241233883587662845e+00 -2.816445427497830858e-03 9.999797050902319295e-01 5.714634092113153596e-03 -8.414617339918127603e-03 -1.149003715899015203e-03 -5.717889051480930934e-03 9.999829926230024979e-01 -2.312232946859663768e-02
9.999943082760293089e-01 3.122305223201070606e-03 1.278524790034124992e-03 6.383072434107260662e+00 -3.129807866540371217e-03 9.999776445611930908e-01 5.908864575082343508e-03 -4.810816872884862358e-03 -1.260046929325451138e-03 -5.912832480401618469e-03 9.999817251799127948e-01 -2.291574383483422489e-02
9.999942753318337152e-01 3.129071581718475235e-03 1.287716815657555551e-03 6.385278489874769647e+00 -3.136882265183109537e-03 9.999764204979637583e-01 6.108880235678744441e-03 -3.013220299588790889e-03 -1.268571328394694489e-03 -6.112884680408142007e-03 9.999805114939335215e-01 -2.400386451488973477e-02
9.999935521317596665e-01 3.339014241058377644e-03 1.321619765176850056e-03 6.511748571105196781e+00 -3.347241040190103781e-03 9.999747267547133278e-01 6.272306533907702833e-03 -1.941374665728699215e-03 -1.300643042715347733e-03 -6.276689870819135778e-03 9.999794555349329483e-01 -2.208892759180133489e-02
9.999935002706581422e-01 3.336154325186511862e-03 1.367293222303390867e-03 6.630053994229077929e+00 -3.344401563680892645e-03 9.999759570287604094e-01 6.074565218648475713e-03 -5.058447513851480233e-03 -1.346994661483949442e-03 -6.079098513209366290e-03 9.999806148954332174e-01 -1.675141817041663622e-02
9.999929698702564318e-01 3.491116893018919067e-03 1.368324853102621504e-03 6.774858738698181782e+00 -3.499680100783253076e-03 9.999739894893876491e-01 6.306550869548894871e-03 -4.762342845403828677e-03 -1.346272355997143360e-03 -6.311295232937858858e-03 9.999791773348214452e-01 -1.850590581757823733e-02
9.999933943917269641e-01 3.378503267151661618e-03 1.340480729413389945e-03 6.906202837599862754e+00 -3.387232916909461121e-03 9.999727172902904693e-01 6.564398543619168712e-03 -4.561324813898236415e-03 -1.318266315540275345e-03 -6.568895702224992507e-03 9.999775556397126897e-01 -2.142113232657954364e-02
9.999930945078576716e-01 3.454062633820532448e-03 1.371272372832923591e-03 7.040529343682425001e+00 -3.462939546298153363e-03 9.999727173488881515e-01 6.524768775926922774e-03 -3.961581026474741279e-03 -1.348698000863947973e-03 -6.529472352516039503e-03 9.999777732552359577e-01 -1.997174680373710667e-02
9.999928913521104468e-01 3.485500479920903682e-03 1.438239079808884772e-03 7.159680904120382827e+00 -3.495174233107095890e-03 9.999709118130707397e-01 6.779327755475875357e-03 -9.342910467153757795e-03 -1.414567893896430222e-03 -6.784306459794729564e-03 9.999759858034257265e-01 -2.262389126799727035e-02
9.999924888827378400e-01 3.592484230635573528e-03 1.454728552033491586e-03 7.294035744076733607e+00 -3.602173297608984946e-03 9.999709764085716879e-01 6.713470639072403531e-03 -9.485185559590672555e-03 -1.430568293182655788e-03 -6.718660397752601252e-03 9.999764062600767778e-01 -2.462920845137324746e-02
9.999924473636814248e-01 3.617763173373529043e-03 1.420213088342126831e-03 7.300385443392556795e+00 -3.626903274189784056e-03 9.999723832051090611e-01 6.486786549150947399e-03 -8.203514788973952435e-03 -1.396706209117511447e-03 -6.491888532311420983e-03 9.999779520544688216e-01 -2.568973880655026770e-02
9.999920949756124777e-01 3.702354546337438979e-03 1.450019689124314561e-03 7.406336052431877981e+00 -3.712185044745102813e-03 9.999697399162428280e-01 6.836587894203877483e-03 -9.205777533368326992e-03 -1.424664339135531038e-03 -6.841916592214399018e-03 9.999755789562393415e-01 -2.013995525684766572e-02
9.999923689792422632e-01 3.628267987023555026e-03 1.448328242238388448e-03 7.527880502033708510e+00 -3.637959880332482764e-03 9.999706266109508190e-01 6.746196203163434303e-03 -7.299870191755123902e-03 -1.423808692211340479e-03 -6.751413682838988857e-03 9.999761953077138665e-01 -2.189297754259421705e-02
9.999919036603992506e-01 3.712275323656244724e-03 1.552940942879597148e-03 7.636969797542851879e+00 -3.723792460439841277e-03 9.999650880223730498e-01 7.480381415367082232e-03 -6.114156306000236366e-03 -1.525117491300339483e-03 -7.486103681433403656e-03 9.999708157082928262e-01 -2.413834792596116635e-02
9.999917452073052715e-01 3.743034116083151022e-03 1.580889892988235476e-03 7.759566671597686316e+00 -3.754762855956983274e-03 9.999649568137550792e-01 7.482439465869353094e-03 -4.898685199521813846e-03 -1.552827467377006785e-03 -7.488313566532261122e-03 9.999707565158022504e-01 -2.380564669598427691e-02
9.999878183624508754e-01 4.638639887709585484e-03 1.687052666088031602e-03 7.874138917641094082e+00 -4.650963125992282725e-03 9.999619842582807561e-01 7.375539318754491952e-03 -1.229626306873883232e-02 -1.652776060652266094e-03 -7.383295892349364328e-03 9.999713772268981060e-01 -2.816895475102663277e-02
9.999853686658743968e-01 5.126269571987890350e-03 1.727372122766522447e-03 8.002204772021478618e+00 -5.139127658240013122e-03 9.999584932337995946e-01 7.523375339665158527e-03 -7.337972635859149953e-03 -1.688733575053312031e-03 -7.532142448498994371e-03 9.999702070607143778e-01 -2.993067314382094612e-02
9.999840679262574916e-01 5.349569196349292059e-03 1.801666747068215177e-03 8.100341744789414378e+00 -5.362919482780934867e-03 9.999575798646324065e-01 7.488495569111030398e-03 -1.182842679834541708e-02 -1.761530094897402520e-03 -7.498038455546734288e-03 9.999703377755981837e-01 -2.802814557591803285e-02
9.999765119380430445e-01 6.629281254041879436e-03 1.740173060260453552e-03 8.215450321506267528e+00 -6.642034035661358200e-03 9.999503533400955213e-01 7.427936381468546422e-03 -1.716702241013721292e-02 -1.690844787070470805e-03 -7.439320202332796485e-03 9.999708983559637554e-01 -2.574021971624869051e-02
9.999471171466066677e-01 1.011108003509472372e-02 1.878555486091923726e-03 8.325003801370543854e+00 -1.012502571876107427e-02 9.999200963980336976e-01 7.568663920496706415e-03 -1.487666502510195596e-02 -1.801878016083215302e-03 -7.587284090563016850e-03 9.999695927155706210e-01 -3.005886515349286137e-02
9.999368916350225289e-01 1.109194721361196102e-02 1.783663168804534155e-03 8.434159939947500462e+00 -1.110453559705106875e-02 9.999123504211298030e-01 7.209768683224323550e-03 -2.686013032776713577e-02 -1.703536457822265194e-03 -7.229120437661998126e-03 9.999724185102479845e-01 -2.683988631412125014e-02
9.999073207127587848e-01 1.348199019856232382e-02 1.893653959408192131e-03 8.516643309741494861e+00 -1.349645716374569919e-02 9.998781290000159361e-01 7.846833211847979370e-03 -3.177337345619660192e-02 -1.787632249454647413e-03 -7.871663592484914526e-03 9.999674201108891269e-01 -2.515265821747134090e-02
9.999061366887932456e-01 1.356537689464333216e-02 1.923112528821832937e-03 8.524811727326863320e+00 -1.357998251636760578e-02 9.998773890731245118e-01 7.796851618876909397e-03 -2.880168952477688005e-02 -1.817109503410512840e-03 -7.822235615085382232e-03 9.999677548516425762e-01 -2.353921377292149744e-02
9.998985808400828734e-01 1.410419291825619481e-02 1.974785080172759659e-03 8.621827968480618054e+00 -1.411955887736134757e-02 9.998683401690642292e-01 7.996273173753594768e-03 -2.873921385933662573e-02 -1.861744100833272100e-03 -8.023345292655479147e-03 9.999660793443034823e-01 -2.213250355268222072e-02
9.998934431594004302e-01 1.445107642006030965e-02 2.066087399036885437e-03 8.708671099954978345e+00 -1.446754406180690913e-02 9.998617893030462556e-01 8.190998750476234658e-03 -3.305804505853528197e-02 -1.947433094757746938e-03 -8.220017154009138377e-03 9.999643187745896888e-01 -2.161465263766172706e-02
9.998947174450877329e-01 1.436907022939592875e-02 2.020852827623879217e-03 8.800340834212741825e+00 -1.438411483827600583e-02 9.998673674885141249e-01 7.638368406147242988e-03 -3.422364364531595843e-02 -1.910828544772079493e-03 -7.666632398349879605e-03 9.999687852537902932e-01 -2.245915162178607413e-02
9.998925191663042833e-01 1.452559740218417432e-02 1.989254978984680410e-03 8.920115048140075942e+00 -1.453983624959162037e-02 9.998673430303736120e-01 7.340947024488752616e-03 -3.572157880377811040e-02 -1.882359449418868555e-03 -7.369081455035566934e-03 9.999710762624147709e-01 -2.107202374006734644e-02
9.998939875412725664e-01 1.444361232184128256e-02 1.842753892875683254e-03 9.007976876379425235e+00 -1.445616212050252446e-02 9.998710768999786724e-01 6.989202788781814085e-03 -3.693412093407211216e-02 -1.741566983811340718e-03 -7.015100995233228970e-03 9.999738773100362854e-01 -2.136215459655983750e-02
9.998919495662373924e-01 1.459020340711423419e-02 1.793085934391824583e-03 9.115153408376764688e+00 -1.460244158948444809e-02 9.998687849506374681e-01 7.012958074994330750e-03 -3.517838603398878994e-02 -1.690530169732700535e-03 -7.038383754454250428e-03 9.999738012877488202e-01 -2.331185049021055472e-02
9.998905190016331712e-01 1.469541789661894284e-02 1.730521160887024462e-03 9.208622253651725487e+00 -1.470725376880993411e-02 9.998670739960872078e-01 7.037828150989259603e-03 -3.928165690336113403e-02 -1.626867303861045206e-03 -7.062508856402417191e-03 9.999737367908363428e-01 -2.598267959432981958e-02
9.998922006435784215e-01 1.459517490879757955e-02 1.602486044684065664e-03 9.325246210627211596e+00 -1.460598106839040324e-02 9.998691551978250436e-01 6.952539177708667861e-03 -4.231039610604030859e-02 -1.500802842355635196e-03 -6.975195579290830589e-03 9.999745467947966926e-01 -2.688447732183322017e-02
9.998929072137534568e-01 1.455422270673883273e-02 1.532548541108808698e-03 9.419622159642493386e+00 -1.456392237076766655e-02 9.998726793316697892e-01 6.520528451444703930e-03 -4.443772071205747548e-02 -1.437452192756353067e-03 -6.542150067867180674e-03 9.999775667502162069e-01 -3.050017581676468803e-02
9.998919999041785411e-01 1.461649933618570235e-02 1.531820739349477834e-03 9.523414671925097608e+00 -1.462527276764881770e-02 9.998757443480014162e-01 5.881943641509656748e-03 -4.568581830380491482e-02 -1.445656976633157400e-03 -5.903711687176885561e-03 9.999815279615021923e-01 -2.605210236816053043e-02
9.998914104095147914e-01 1.466169755277204646e-02 1.483918509289494127e-03 9.530287307909004468e+00 -1.466988776060010498e-02 9.998763279545040961e-01 5.667732289754813003e-03 -4.544565658552538606e-02 -1.400636413409635760e-03 -5.688885751003643250e-03 9.999828372509947938e-01 -2.556209199729573764e-02
9.998907712030787875e-01 1.471146552044520946e-02 1.420719941790885921e-03 9.624969247993410804e+00 -1.471933687657706914e-02 9.998754252036002876e-01 5.698701240936021595e-03 -4.566058929585323223e-02 -1.336706709076047666e-03 -5.718990834085951533e-03 9.999827530307777712e-01 -2.405148091997582824e-02
9.998906411364448799e-01 1.472736371428495089e-02 1.345557793760729500e-03 9.745763435423533849e+00 -1.473523681755854395e-02 9.998731773719844451e-01 6.041685856000848093e-03 -4.731260299318929691e-02 -1.256409041536402571e-03 -6.060852256844453945e-03 9.999808435696361242e-01 -2.588633980971657284e-02
9.998905144599286032e-01 1.473250333460189750e-02 1.382909453012437766e-03 9.853060613992184358e+00 -1.474055345337944682e-02 9.998733284325032056e-01 6.003596688282038067e-03 -5.286133239312223314e-02 -1.294286269474598412e-03 -6.023324231969564256e-03 9.999810220140425976e-01 -2.804043604154523098e-02
9.998905222239422574e-01 1.473905902889932097e-02 1.305260768851785767e-03 9.970574561286095872e+00 -1.474654926757902780e-02 9.998736915205140852e-01 5.927924581050674803e-03 -4.808703560154854034e-02 -1.217723873029770204e-03 -5.946523697285813724e-03 9.999815778325552573e-01 -2.834919784994423958e-02
9.998907732360016176e-01 1.471332201388917543e-02 1.399911720904659746e-03 1.009099027065470189e+01 -1.472135242860781248e-02 9.998741672863601382e-01 5.910277157689593393e-03 -5.188721169270212041e-02 -1.312775755201541243e-03 -5.930240191053701322e-03 9.999815542654238998e-01 -2.869504911435485223e-02
9.998922519565739409e-01 1.461381033120365096e-02 1.386010394895917201e-03 1.018365870284065444e+01 -1.462230631154963316e-02 9.998730407534731635e-01 6.331708500448090214e-03 -5.429472704996562288e-02 -1.293304040962484601e-03 -6.351292939790782223e-03 9.999789940006993394e-01 -2.555217626011891882e-02
9.998918386673339986e-01 1.464051103416946081e-02 1.402284962630183417e-03 1.034194205970817571e+01 -1.464919751772298870e-02 9.998722208528590949e-01 6.398670085107595849e-03 -4.917037198334944792e-02 -1.308425979868582103e-03 -6.418520345817603327e-03 9.999785450788559737e-01 -2.522908050216330494e-02
9.998926038590946197e-01 1.458797850889089268e-02 1.404147750017903590e-03 1.034172130211971741e+01 -1.459658564833711883e-02 9.998734384535612474e-01 6.328251137806615093e-03 -5.005420873540150639e-02 -1.311653647310045490e-03 -6.348067270951791158e-03 9.999789905826186320e-01 -2.575194593849945701e-02
9.998713618868492192e-01 1.596474580855196043e-02 1.544852680886547435e-03 1.056310349085611477e+01 -1.597480270053383208e-02 9.998497270861412822e-01 6.732675875745378589e-03 -5.753156998113083398e-02 -1.437135072405063257e-03 -6.756488513802820332e-03 9.999761419682704489e-01 -2.759391932815337400e-02
9.998598152133710837e-01 1.667283901523649789e-02 1.538297973536352980e-03 1.066932782544015090e+01 -1.668330044168528023e-02 9.998359067485024232e-01 7.058828711085150462e-03 -5.582381678649749046e-02 -1.420354834484051062e-03 -7.083503057949780066e-03 9.999739029477580088e-01 -2.880953377863782264e-02
9.998614278667062871e-01 1.656933097869004584e-02 1.606964613805448314e-03 1.078905367317108066e+01 -1.657970304218678997e-02 9.998402894683473541e-01 6.671506792648674786e-03 -5.751449395562266420e-02 -1.496165560458655652e-03 -6.697225303816330827e-03 9.999764540537170454e-01 -3.026330764491799025e-02
9.998606269512867462e-01 1.661756471916598851e-02 1.607238434151163136e-03 1.078578497059362995e+01 -1.662787545949937287e-02 9.998397656910914533e-01 6.629984953735543890e-03 -5.688242677591186236e-02 -1.496806695355618619e-03 -6.655785873036404454e-03 9.999767297713126890e-01 -2.851325994945404230e-02
9.998591658694767625e-01 1.670151734441576233e-02 1.645522770496788941e-03 1.088753048278442037e+01 -1.671239152544730031e-02 9.998369934701928363e-01 6.832456219079610996e-03 -6.314487981699017094e-02 -1.531142153492332436e-03 -6.858994596853240644e-03 9.999753045934814955e-01 -2.737454093417109047e-02
9.998638485135226128e-01 1.642503048642799182e-02 1.582026942685120117e-03 1.100292401139810927e+01 -1.643578254126581636e-02 9.998401266947296584e-01 7.041740077784778944e-03 -6.712829147790276563e-02 -1.466113223353649386e-03 -7.066783185210197098e-03 9.999739552045491253e-01 -2.718993304887380377e-02
9.998616293322236670e-01 1.656679568456624965e-02 1.504483252425950837e-03 1.109153895762017505e+01 -1.657705827117146244e-02 9.998374793778849190e-01 7.086322766558393084e-03 -7.193994829370778388e-02 -1.386841081443341856e-03 -7.110282133888571991e-03 9.999737599356252060e-01 -3.308869321949502867e-02
9.998599415229729725e-01 1.666213594117115990e-02 1.571802645081644316e-03 1.122260543078816575e+01 -1.667298740393658232e-02 9.998353326289616261e-01 7.163736299008342800e-03 -6.727717705496863432e-02 -1.452180672411508165e-03 -7.188939602715400251e-03 9.999731047976656573e-01 -3.367079639719634809e-02
9.998596309726373033e-01 1.667689531647224138e-02 1.612300798570882703e-03 1.132046239018751699e+01 -1.668757629099541784e-02 9.998372520976230859e-01 6.855225408856119480e-03 -7.320842844213064360e-02 -1.497714523483600468e-03 -6.881168540113310854e-03 9.999752028779157476e-01 -3.496911255876889585e-02
9.998346003489616551e-01 1.812390438680464011e-02 1.515267240505768342e-03 1.146447534523791667e+01 -1.813408976049801780e-02 9.998110420449094482e-01 7.002499098931956947e-03 -7.614606723213515616e-02 -1.388068294568858135e-03 -7.028818880175070893e-03 9.999743341564119037e-01 -3.736745912746647358e-02
9.998352708948514689e-01 1.808856291068508884e-02 1.494980416289194008e-03 1.146234176221985557e+01 -1.809833507025735908e-02 9.998130581804519634e-01 6.804333879003310326e-03 -7.556803014241388061e-02 -1.371620320494326868e-03 -6.830269663669764901e-03 9.999757327425591313e-01 -3.673824367621459502e-02
9.998247544429845757e-01 1.866078684404055485e-02 1.495137915657533418e-03 1.155321977605034611e+01 -1.867069491086980129e-02 9.998017931515743584e-01 6.912276212781923342e-03 -8.463641043727920810e-02 -1.365853056069453973e-03 -6.938980130959685778e-03 9.999749921873903880e-01 -3.430792344223900642e-02
9.998183587954082574e-01 1.899327112338938459e-02 1.582740562954095031e-03 1.167137791929091506e+01 -1.900418465037767221e-02 9.997935371025045148e-01 7.191949237666297665e-03 -8.123780248900464018e-02 -1.445815143974834476e-03 -7.220721577255428611e-03 9.999728850316258466e-01 -3.618640686594715855e-02
9.998183201324861713e-01 1.899706474635571088e-02 1.561492387470845167e-03 1.177479142281157642e+01 -1.900716200994422359e-02 9.997967091478329182e-01 6.728162415642982910e-03 -9.072561439014284468e-02 -1.433359613318777211e-03 -6.756619582772649749e-03 9.999761465015215567e-01 -3.358337268778302520e-02
9.998170623313071825e-01 1.905863931563889571e-02 1.615592346927521329e-03 1.190564632222579178e+01 -1.906968405815359993e-02 9.997927951981934180e-01 7.121363612782052877e-03 -8.934647044397872606e-02 -1.479534087903947807e-03 -7.150869682747494627e-03 9.999733376653915373e-01 -3.480684143621251558e-02
9.997864713071005216e-01 2.058553923479665426e-02 1.802044868759113735e-03 1.200263057635091357e+01 -2.059817457142224667e-02 9.997611917673967508e-01 7.298947880330716384e-03 -9.661391656234870340e-02 -1.651361747645649879e-03 -7.334508180322524273e-03 9.999717385977121564e-01 -3.494475315601368315e-02
9.997092328610270862e-01 2.404705696639533249e-02 1.785716570936467283e-03 1.211824364744920146e+01 -2.405988752145480844e-02 9.996820123190750529e-01 7.549573374678433639e-03 -8.786193986019552593e-02 -1.603603714052412353e-03 -7.590342346669742314e-03 9.999699071263037364e-01 -3.761266719984552448e-02
9.997099727834568572e-01 2.401388622414006579e-02 1.817576879815646987e-03 1.211551536975317411e+01 -2.402671737033753446e-02 9.996839159204500280e-01 7.401695911109205245e-03 -8.964001195831562685e-02 -1.639258889225519815e-03 -7.443219623836597881e-03 9.999709552341634611e-01 -3.562028447601699871e-02
9.995515072405994905e-01 2.988920569665804230e-02 1.849258194134457316e-03 1.222121091795646741e+01 -2.990263954081675765e-02 9.995229863492477440e-01 7.722169900579411474e-03 -1.009622891295737235e-01 -1.617566548149130439e-03 -7.774004264489244899e-03 9.999684736711242916e-01 -3.406718153513244723e-02
9.994384180177094956e-01 3.345704597042100520e-02 1.864045383411946227e-03 1.233177460762459177e+01 -3.347036938114199972e-02 9.994104687545873889e-01 7.645215315851654203e-03 -1.054645792194262577e-01 -1.607160150139342204e-03 -7.703312188205550456e-03 9.999690375294540967e-01 -3.468878315682738522e-02
9.993918728038613253e-01 3.482752386196738548e-02 1.711185330313942914e-03 1.242317338492766687e+01 -3.483948160051635046e-02 9.993644658502952582e-01 7.541546098860816769e-03 -1.188281168648431807e-01 -1.447444436885852569e-03 -7.596576689407712191e-03 9.999700980165376896e-01 -3.670645821875920950e-02
9.993802995970232361e-01 3.516074852191363592e-02 1.654853692254490893e-03 1.253253412034901970e+01 -3.517184026469540731e-02 9.993550986241132028e-01 7.233844509231359896e-03 -1.269863140084610265e-01 -1.399439087195754891e-03 -7.287565942599334712e-03 9.999724660973788870e-01 -3.509466009403456460e-02
9.993762065634109737e-01 3.528169550278136696e-02 1.549102119179222598e-03 1.265467383500001830e+01 -3.529249318851829936e-02 9.993480772855084515e-01 7.606599128108186732e-03 -1.324641763177003828e-01 -1.279718510071027517e-03 -7.656525857486760379e-03 9.999698695122412051e-01 -3.864505529372075365e-02
9.993733526203577577e-01 3.536263912367602208e-02 1.544612104927902199e-03 1.266939020504105251e+01 -3.537322876245211495e-02 9.993462353471996851e-01 7.472388125529129572e-03 -1.307544248103487405e-01 -1.279358927456284486e-03 -7.522343490427464176e-03 9.999708883708299245e-01 -3.898923203423167172e-02
9.993735668162698760e-01 3.537888768899545566e-02 8.990299306037689321e-04 1.290581382615092565e+01 -3.538302116222834248e-02 9.993608322444255121e-01 5.095958120170354828e-03 -1.310153452047095601e-01 -7.181659696594991718e-04 -5.124576237961009882e-03 9.999866113883831842e-01 -3.151233933091002887e-02
9.993739984640479523e-01 3.536204093806346455e-02 1.066421434463951916e-03 1.299471598836966280e+01 -3.536706777705469346e-02 9.993611953685223037e-01 5.135339175886547564e-03 -1.456232711622996168e-01 -8.841441253439681798e-04 -5.169840644826397338e-03 9.999862454238421794e-01 -2.991513124784075592e-02
9.993717838103390871e-01 3.543185347419686160e-02 7.883420094983639367e-04 1.313358140006299379e+01 -3.543475721884603580e-02 9.993638321926018309e-01 4.038426198226256932e-03 -1.399731894096169771e-01 -6.447515663687908901e-04 -4.063823901219772682e-03 9.999915347795288456e-01 -2.291996598955435907e-02
9.993733389821111146e-01 3.538755445154738444e-02 8.064252508177911696e-04 1.325436353757913999e+01 -3.539061054813813501e-02 9.993649094625547402e-01 4.157213000283765947e-03 -1.513852864683507826e-01 -6.587994963576176109e-04 -4.183147718941303966e-03 9.999910335889943269e-01 -2.931127750289401479e-02
9.993722411600711730e-01 3.541730941223851514e-02 8.589485981202874595e-04 1.326668770641039963e+01 -3.542070811867648050e-02 9.993631048716820064e-01 4.331057330854134156e-03 -1.481584424933871380e-01 -7.050071403736641977e-04 -4.358763038911416497e-03 9.999902520273398210e-01 -3.199666267716605450e-02
9.993732972251848645e-01 3.539556747821644145e-02 4.081619253794652050e-04 1.337102602615365399e+01 -3.539674966162419112e-02 9.993675911747358365e-01 3.389369115080285728e-03 -1.570565209879365154e-01 -2.879351569543114322e-04 -3.401692593545055984e-03 9.999941727734439345e-01 -2.709795288930347962e-02
9.993742634143356618e-01 3.536848229314697861e-02 3.899811962077542730e-04 1.348007244908014179e+01 -3.536972412474682220e-02 9.993668677876192952e-01 3.853074577829272880e-03 -1.612461053955433488e-01 -2.534568865700830204e-04 -3.864457095422339263e-03 9.999925008373634627e-01 -2.910648284141443762e-02
9.993741570496671445e-01 3.537358467981371879e-02 6.105871923782284737e-05 1.362924183751590057e+01 -3.537361694239418708e-02 9.993702356013246524e-01 2.799896170488160550e-03 -1.657255204520644565e-01 3.802209765123093569e-05 -2.800303742953508257e-03 9.999960784189442231e-01 -2.063763453096285894e-02
9.993696719816125285e-01 3.550012166526080037e-02 9.225823737030477794e-06 1.375530792978447892e+01 -3.549995249629402105e-02 9.993640370484078161e-01 3.357800927613365221e-03 -1.743663081825772565e-01 1.099823850030642110e-04 -3.356011927912926508e-03 9.999943625280167669e-01 -1.991250750415578946e-02
9.993724673639908795e-01 3.541728704657470805e-02 -5.359599513488681960e-04 1.390237535588765461e+01 -3.541626780605662550e-02 9.993710176736233519e-01 1.804718447862182096e-03 -1.876341275579115064e-01 5.995410733180076826e-04 -1.784604226967048419e-03 9.999982278675569880e-01 -1.858124712359283254e-02
9.993727300398360658e-01 3.541141388964164777e-02 -4.221599950703715546e-04 1.403186844117221987e+01 -3.541063718659471365e-02 9.993713601098236365e-01 1.723765146576649405e-03 -1.887304882926445770e-01 4.829355695113982019e-04 -1.707734926061692639e-03 9.999984252060890588e-01 -2.077266003778197034e-02
9.993728999943913838e-01 3.540729423023708522e-02 -3.609322561374481175e-04 1.403720123798364838e+01 -3.540650370411550785e-02 9.993709891117391608e-01 2.001403825948403544e-03 -1.875324257834942721e-01 4.315695199572904136e-04 -1.987369396334060737e-03 9.999979320531777738e-01 -2.184175235552422711e-02
9.993603423903711924e-01 3.575634321070933486e-02 -6.244818636238059053e-04 1.432447138882953475e+01 -3.575514383864902834e-02 9.993588931878035764e-01 1.836381094877924738e-03 -1.858513356167366959e-01 6.897437767410568221e-04 -1.812878000877910997e-03 9.999981188616688943e-01 -1.576993298187214995e-02
9.993608481997643400e-01 3.574386997857950665e-02 -5.204271341881423242e-04 1.433311224057478128e+01 -3.574271865453924890e-02 9.993588706320868376e-01 2.075030636464774390e-03 -1.840238783952470869e-01 5.942630983399213151e-04 -2.055102896260458702e-03 9.999977116991096704e-01 -1.942913234275045822e-02
9.993671543582047789e-01 3.556511832424585212e-02 -6.427663389322748428e-04 1.446790699558710180e+01 -3.556392642164533241e-02 9.993658195206475137e-01 1.779300789740322552e-03 -2.016629129974102652e-01 7.056397521888777913e-04 -1.755315472205994922e-03 9.999982104684653761e-01 -1.654615626267090175e-02
9.993607778564979061e-01 3.574626347715630093e-02 -4.902341044719554829e-04 1.461476220226241907e+01 -3.574525143423298856e-02 9.993590560640853715e-01 1.937540348918958145e-03 -2.019117381655791688e-01 5.591797197055939838e-04 -1.918778288898014342e-03 9.999980028019651579e-01 -1.455025536698758767e-02
9.993594985947751308e-01 3.577954833370041582e-02 -6.453599275053646927e-04 1.477904658542612104e+01 -3.577808378841144249e-02 9.993574387247289303e-01 2.153691245056601859e-03 -2.034727154609403954e-01 7.220033442057081311e-04 -2.129222061227752961e-03 9.999974725590985436e-01 -2.169564456011024295e-02
9.993658183659769323e-01 3.560341738364296293e-02 -5.981239899357866565e-04 1.491087752855275994e+01 -3.560175580005479901e-02 9.993626989502004676e-01 2.590546452847126112e-03 -2.144376739176605540e-01 6.899751115015222147e-04 -2.567609311636798175e-03 9.999964656521383999e-01 -2.141868460701829707e-02
9.993651508192809008e-01 3.562010953036116867e-02 -7.093130487344699543e-04 1.506653134096914393e+01 -3.561795348916194093e-02 9.993614152698588882e-01 2.850098080510256576e-03 -2.238960448566949812e-01 8.103808980527057440e-04 -2.823024418899795860e-03 9.999956868986638048e-01 -1.732264481444489163e-02
9.993690707163460640e-01 3.550937045048085244e-02 -7.383127774382937294e-04 1.522582186246972746e+01 -3.550717228682429699e-02 9.993654901161319604e-01 2.803191241619670034e-03 -2.303094706389566537e-01 8.373838669258394131e-04 -2.775207227187585172e-03 9.999957984977264625e-01 -2.322016064492152948e-02
9.993670778464914806e-01 3.556310468035434047e-02 -8.422007235689239410e-04 1.539254061253191885e+01 -3.556057212429981906e-02 9.993634530144775985e-01 2.852102588020012045e-03 -2.288242155673761158e-01 9.430942461339964378e-04 -2.820348289534365099e-03 9.999955780946077066e-01 -2.339906485625688204e-02
