1.000000000000000000e+00 0.000000000000000000e+00 0.000000000000000000e+00 0.000000000000000000e+00 0.000000000000000000e+00 1.000000000000000000e+00 0.000000000000000000e+00 0.000000000000000000e+00 0.000000000000000000e+00 0.000000000000000000e+00 1.000000000000000000e+00 0.000000000000000000e+00
9.999997385137845418e-01 -1.260067221439543212e-04 -7.121057987245801683e-04 6.566477130995704292e-02 1.261317317265335883e-04 9.999999766440413884e-01 1.755069880089456496e-04 -4.734420972588306367e-03 7.120836670323942366e-04 -1.755967612538531983e-04 9.999997310512781512e-01 1.189735565082408048e-02
9.999998517541586196e-01 -1.943194240184002600e-04 -5.086566840943959481e-04 7.512958852341181104e-02 1.943838422387044915e-04 9.999999730940051235e-01 1.265974361076879881e-04 -6.390185319425454452e-03 5.086320700676151942e-04 -1.266962919807792165e-04 9.999998626207240449e-01 7.564976479111230889e-03
9.999999213653548713e-01 -3.412029515628010792e-04 -2.021134084520722349e-04 3.900221075304631801e-01 3.411999507509245327e-04 9.999999416805661623e-01 -1.488146320226252164e-05 -6.728829017358859549e-03 2.021184742641008835e-04 1.481250094705399687e-05 9.999999794643559259e-01 2.645276473383590798e-03
9.999998724843975895e-01 -2.534269640789288606e-05 -5.043698407097076423e-04 4.565667871624574659e-01 2.536724435714922673e-05 9.999999984941494446e-01 4.866419583033350333e-05 -5.457065795988411128e-04 5.043686066682611388e-04 -4.867698409788491417e-05 9.999998716214216765e-01 4.984900429868253414e-03
9.999998841608122024e-01 -1.500947490521780889e-04 -4.573291248438634085e-04 4.788953321544463515e-01 1.501196102998339076e-04 9.999999872562861380e-01 5.432798686306106775e-05 -4.510958355192403076e-03 4.573209646702371838e-04 -5.439663463975152343e-05 9.999998939492650285e-01 3.891156346222567324e-03
9.999998595141129654e-01 -4.718666881585450524e-04 2.414820550744760429e-04 7.629310101454256365e-01 4.718775515630566162e-04 9.999998876563670480e-01 -4.493138668126426589e-05 1.948415830978473748e-03 -2.414608263208770208e-04 4.504533032993351152e-05 9.999999698337933562e-01 -5.124767719160041972e-03
9.999998709100800243e-01 -1.460287610264746723e-04 -4.866779470587507335e-04 8.677450991182825701e-01 1.460255443317378722e-04 9.999999893161919395e-01 -6.645020673199630248e-06 -3.574592422063935584e-03 4.866789122233129380e-04 6.573952403260937290e-06 9.999998815502028071e-01 1.178872378736497972e-03
9.999747065587043515e-01 -1.753161096981252173e-04 7.110239594756705660e-03 1.114895235713623256e+00 1.778385966583680990e-04 9.999999214800241454e-01 -3.541375142705102111e-04 -7.848474817440213858e-04 -7.110176950449564708e-03 3.553930319455186762e-04 9.999746592186854466e-01 -4.277398061702182390e-03
9.999761124368096166e-01 -2.071648755403855777e-04 6.908808759795380047e-03 1.308360810649673134e+00 2.074646278661154404e-04 9.999999775688352965e-01 -4.267032979505072134e-05 -1.003746701348014626e-03 -6.908799765029191228e-03 4.410264394320049868e-05 9.999761329855645364e-01 5.602803763325234568e-03
9.999756068680446530e-01 -2.312455465450834278e-04 6.980844818710925381e-03 1.312471477126063935e+00 2.314733840850431734e-04 9.999999727034741825e-01 -3.182959901387498404e-05 -3.543726057165511988e-03 -6.980837267705094357e-03 3.344470236422571294e-05 9.999756330993739839e-01 4.430830487177428792e-03
9.999791254333632029e-01 -2.600157174719664377e-04 6.456089323485346074e-03 1.509857589831010927e+00 2.591011779144451917e-04 9.999999562813979281e-01 1.424913393709035191e-04 -2.341436530633290471e-03 -6.456126091221986094e-03 -1.408155845775087137e-04 9.999791490860523435e-01 1.218277945872914270e-02
9.999708933028970126e-01 -4.765902495342083894e-04 7.614815082472310703e-03 1.741133755381140569e+00 4.771648554528084446e-04 9.999998834452467067e-01 -7.364233648089002309e-05 1.095517795360081027e-03 -7.614779097709897804e-03 7.727371513383588756e-05 9.999710041636536983e-01 -4.103550060175854830e-03
9.999715011486712823e-01 -4.382655496345107759e-04 7.536896827005566853e-03 1.734345579322188691e+00 4.386265499644218338e-04 9.999999027340773505e-01 -4.624484232409664181e-05 -1.393934569053566740e-03 -7.536875826401104837e-03 4.954940745187778227e-05 9.999715961204266312e-01 -3.346351699415033715e-03
9.999787002087668908e-01 -1.579251713827687655e-04 6.524889916717058029e-03 1.909166330973902870e+00 1.582966154595046395e-04 9.999999858799983876e-01 -5.641085542828283897e-05 4.097401124984394009e-03 -6.524880915891591131e-03 5.744252187890109326e-05 9.999787110880862251e-01 3.439253147482761435e-03
9.999732047420299974e-01 -5.454589938081698397e-04 7.300155644938254723e-03 2.137077386543604796e+00 5.464179274995235782e-04 9.999998423461728958e-01 -1.293641288839672771e-04 -4.047651337240680894e-03 -7.300083931213202648e-03 1.333495984566928933e-04 9.999733451410001139e-01 -6.779301480649980484e-03
9.999715614894835181e-01 -3.776369405889884109e-04 7.532171176038189933e-03 2.330721077828171062e+00 3.783462725953522145e-04 9.999999241258611393e-01 -9.274896154933875492e-05 9.593604239492431462e-04 -7.532135579107106585e-03 9.559609279602455120e-05 9.999716284950312950e-01 -1.020616586001277942e-02
9.999744679650993673e-01 -2.190651170998277227e-04 7.142508550289488126e-03 2.511725489851042603e+00 2.197696609228314132e-04 9.999999710627263116e-01 -9.785623504361666981e-05 7.573114440921633120e-04 -7.142486906717173539e-03 9.942344325704383535e-05 9.999744871724309814e-01 -6.863088534298901824e-03
9.999719462672742587e-01 -1.218337843343826089e-03 7.390692209729559162e-03 2.732011610858459338e+00 1.218830656483671851e-03 9.999992552926768585e-01 -6.217654347448103088e-05 -2.903756733478205648e-03 -7.390610953791064072e-03 7.118280142820203793e-05 9.999726865283563582e-01 -1.049172982319112810e-02
9.999722143880546144e-01 1.778402299756859850e-03 7.239318829195376219e-03 2.902349207819331589e+00 -1.777342187545590717e-03 9.999984088416511430e-01 -1.528689449974993207e-04 4.860834305915277126e-03 -7.239579172776125331e-03 1.399979506760930183e-04 9.999737841033508046e-01 -1.311962947829990907e-02
9.999637787217249274e-01 -3.947885299466056055e-03 7.540255050814943447e-03 3.094487557614434614e+00 3.949054981879257173e-03 9.999921926178989562e-01 -1.402426357830299319e-04 -5.260860139079844011e-03 -7.539642519322455744e-03 1.700144377885542035e-04 9.999715620385271064e-01 -1.575335410241764100e-02
9.999689464308884057e-01 2.216272572336627344e-03 7.562691966764484297e-03 3.283926845928232474e+00 -2.215241235126599786e-03 9.999975358744395137e-01 -1.447457053305714256e-04 -1.550329047175121044e-03 -7.562994127278590412e-03 1.279880233664699681e-04 9.999713919602383205e-01 -1.894582879124454000e-02
9.999715809788193299e-01 -8.766189047236878007e-04 7.487908520835990372e-03 3.460930086161544850e+00 8.776189447080423025e-04 9.999996064073827240e-01 -1.302692121559802252e-04 3.939647313729144340e-03 -7.487791377196397966e-03 1.368370404066072369e-04 9.999719567347455929e-01 -2.057785125380997421e-02
9.999688779747634149e-01 -9.708623584881152400e-04 7.829464105138168525e-03 3.651375961715708662e+00 9.729907888250713096e-04 9.999994907204556860e-01 -2.680443137907200760e-04 -5.582468043778985797e-03 -7.829199883617589048e-03 2.756539681645577456e-04 9.999693133512008725e-01 -2.951721314746929767e-02
9.999689662888319175e-01 -1.485657183580063948e-03 7.736878051118082841e-03 3.824224312961542527e+00 1.487323361294285752e-03 9.999988719666258463e-01 -2.096060466230643081e-04 -3.819264832828267453e-03 -7.736557920932541840e-03 2.211067812384672219e-04 9.999700479431008482e-01 -2.680129073623676444e-02
9.999701457364916779e-01 1.214313430855241309e-03 7.631060124992075124e-03 4.000548191993082980e+00 -1.212744424235750887e-03 9.999992425264643270e-01 -2.102319172611084180e-04 -4.290861231599893758e-03 -7.631309632106705702e-03 2.009711153244607125e-04 9.999708609374123869e-01 -2.809748505637310254e-02
9.999602402322570471e-01 -3.356575940647895610e-03 8.261437683692293699e-03 4.175578509432266827e+00 3.358868850223698400e-03 9.999943242191631221e-01 -2.636844824406138574e-04 -1.433744357537434372e-03 -8.260505716592921738e-03 2.914230841006528383e-04 9.999658389754583210e-01 -3.410471709702558862e-02
9.999712353381280394e-01 2.435265245712206212e-04 7.580843697761427934e-03 4.344159984582736556e+00 -2.418610546845082583e-04 9.999999464171123176e-01 -2.206105225213679879e-04 2.570651784041914911e-03 -7.580897016071765949e-03 2.187706658821433100e-04 9.999712406563637801e-01 -3.068272042020372611e-02
9.999652489130864685e-01 2.106713461858553647e-03 8.066146823523570250e-03 4.513751121919563403e+00 -2.104857501171774996e-03 9.999977563259466740e-01 -2.385748780071578873e-04 2.597289424179190925e-03 -8.066631334626392022e-03 2.215884976237904205e-04 9.999674396486362138e-01 -3.818950015126727771e-02
9.999661037901562688e-01 2.108314460910061874e-03 7.959037684810793545e-03 4.510950692056251654e+00 -2.106534633491027181e-03 9.999977543414073633e-01 -2.319999574889697693e-04 1.643585888350538454e-03 -7.959508940394731391e-03 2.152261050374127977e-04 9.999682994451131179e-01 -3.861955966303928789e-02
9.999686354827670431e-01 6.835617004722647832e-04 7.890550939863823568e-03 4.688526871420796382e+00 -6.816316050015038984e-04 9.999997371117024247e-01 -2.472951295140418215e-04 -3.105665784771392476e-03 -7.890717907009568363e-03 2.419089243202050539e-04 9.999688385399738699e-01 -3.682719125809560956e-02
9.999687104002443760e-01 -2.371603696896262825e-03 7.546768604975953587e-03 4.861787360683552883e+00 2.373320123831260293e-03 9.999971598025595432e-01 -2.184911989872257234e-04 1.085875629256474002e-03 -7.546228996127821165e-03 2.363952602851466828e-04 9.999714988664522020e-01 -3.575862877828523551e-02
9.999676410434741314e-01 -2.103438826759447804e-03 7.764818803533679419e-03 5.193227545282587343e+00 2.106124998169674103e-03 9.999977250683164121e-01 -3.377805263672728291e-04 -3.395865348515067147e-03 -7.764090638427281928e-03 3.541232751302850613e-04 9.999697962905000903e-01 -4.231971062011872370e-02
9.999677446768288069e-01 -2.083727255224883390e-03 7.756783267719969191e-03 5.186403326943837655e+00 2.086433225463331549e-03 9.999977653314489068e-01 -3.407763255745485404e-04 -4.130328274956119455e-03 -7.756055848962807586e-03 3.569493440565270435e-04 9.999698576381358395e-01 -4.088260209137475204e-02
9.999719011270145064e-01 4.732837494939364929e-04 7.481507797020823559e-03 5.371859524924089691e+00 -4.703017739882056213e-04 9.999998092745405742e-01 -4.003337655378930637e-04 -7.089866162379825087e-03 -7.481695841572415066e-03 3.968039502212179423e-04 9.999719329931011647e-01 -4.439488234583953419e-02
9.999675181605938157e-01 1.817352444063693095e-03 7.852378864808265066e-03 5.539295873613826693e+00 -1.815174427626768542e-03 9.999983121027058441e-01 -2.844882010107469515e-04 -2.338089724351974028e-03 -7.852882626126640384e-03 2.702255229992518932e-04 9.999691291298081763e-01 -4.627531954563902927e-02
9.999706472758523867e-01 2.573546059000545783e-04 7.657568499182938922e-03 5.696932755690838235e+00 -2.552628508584227503e-04 9.999999298446454743e-01 -2.741378868629859708e-04 3.827607690097965115e-03 -7.657638512611342728e-03 2.721751474034693561e-04 9.999706428156275306e-01 -4.564819912051666650e-02
9.999698349937652386e-01 -2.496772159576756290e-03 7.354946045015491561e-03 5.885743935162382812e+00 2.499099597186934304e-03 9.999968300376220753e-01 -3.072717209926627822e-04 2.292880127794969664e-03 -7.354155542634838345e-03 3.256431948377131011e-04 9.999729048093075612e-01 -4.806386303342643357e-02
9.999667961484655088e-01 3.118671735668871684e-03 7.528644444940951405e-03 6.053173742300849369e+00 -3.116041783808122956e-03 9.999950799580815675e-01 -3.610307902999990853e-04 -9.281030224762426561e-04 -7.529733340216109017e-03 3.375592320213676931e-04 9.999715941813498432e-01 -5.080329660402778391e-02
9.999691126163700039e-01 -2.277926639176669921e-03 7.522291104177457853e-03 6.223862349753755296e+00 2.280519613903476180e-03 9.999973431145684488e-01 -3.361459424660735414e-04 2.851284919362560843e-03 -7.521505402514816994e-03 3.532902922019612226e-04 9.999716506693824281e-01 -5.242232154197978139e-02
9.999753907700493771e-01 -2.826320714810562091e-04 7.009848314990401764e-03 6.391875270598601055e+00 2.852632231543978563e-04 9.999998892420827179e-01 -3.743537307668211994e-04 -2.830612820436742560e-03 -7.009741734223809244e-03 3.763441701339355046e-04 9.999753606393935179e-01 -5.173884562929739750e-02
9.999710229752504231e-01 1.835271425524949342e-03 7.388165443861406320e-03 6.567746070615010368e+00 -1.833321550338501069e-03 9.999982828300341131e-01 -2.706826116186558488e-04 -5.907340728544098821e-03 -7.388649533188093241e-03 2.571298851162223242e-04 9.999726704976981129e-01 -5.089593852101290117e-02
9.999742620991270980e-01 -4.229142841586531337e-04 7.162142334146110768e-03 6.749020658137885320e+00 4.248396824992166365e-04 9.999998740281144105e-01 -2.673106795309921182e-04 8.277192657172279325e-03 -7.162028382412854825e-03 2.703465617904729501e-04 9.999743158012539546e-01 -5.205331761347958830e-02
9.999733771086235512e-01 -2.055695631623416942e-03 7.001370540455304457e-03 6.914124658822691671e+00 2.057843382824868766e-03 9.999978377664572315e-01 -2.995713971328504716e-04 5.520813516977552196e-03 -7.000739574244630760e-03 3.139711457134660528e-04 9.999754452322983100e-01 -5.453083141831877034e-02
9.999618563707866059e-01 4.628111260862550168e-03 7.407185001562109974e-03 7.096059483812721780e+00 -4.625925944883074910e-03 9.999892516335575632e-01 -3.121321996451894990e-04 7.620683756415509713e-03 -7.408549968971460745e-03 2.778552045130257926e-04 9.999725177142833044e-01 -5.627394455224420805e-02
9.999728800290250685e-01 -1.275502867900844698e-03 7.253433593209390566e-03 7.276213865154830707e+00 1.278152561134152229e-03 9.999991181182820155e-01 -3.606780956894051486e-04 7.834626994897009311e-04 -7.252967150593471642e-03 3.699393088340958394e-04 9.999736284584810342e-01 -6.227436369263402577e-02
9.999762640056579777e-01 5.386616428826008444e-04 6.868862272688153192e-03 7.436909038731135624e+00 -5.360833135605860486e-04 9.999997851672205451e-01 -3.772004689388677788e-04 4.921279174986928351e-03 -6.869063980455673152e-03 3.735092332631372177e-04 9.999763379454961187e-01 -6.266736918194544537e-02
9.999703687110452766e-01 2.354785196635814700e-03 7.329166840360295913e-03 7.626323792553145964e+00 -2.352182279262035342e-03 9.999971674601499938e-01 -3.637446931868860847e-04 4.866110949357252413e-03 -7.330002620822025257e-03 3.464943785991261502e-04 9.999730751391381345e-01 -6.760053637022167550e-02
9.999731649035505932e-01 1.481122067417103881e-03 7.174660284487605587e-03 7.802073097309560445e+00 -1.478663717867678131e-03 9.999988462464972638e-01 -3.479357466631342161e-04 6.710061428809411394e-03 -7.175167342010597450e-03 3.373174999231162599e-04 9.999742012624717180e-01 -6.533241642292654527e-02
9.999785131523789561e-01 1.802598229504510322e-03 6.302687774315562583e-03 7.968729778747392523e+00 -1.800400418235366222e-03 9.999983164899362009e-01 -3.543665157314306534e-04 9.281216973857236291e-03 -6.303315944131119078e-03 3.430115398072204071e-04 9.999800750770947433e-01 -6.376248385631415327e-02
9.999610937841642011e-01 5.609401499458549142e-03 6.807755341955139088e-03 8.172189149502566252e+00 -5.607378500450553929e-03 9.999842285338634840e-01 -3.162117749952009877e-04 2.754055139544443753e-03 -6.809421732477101939e-03 2.780258114508265578e-04 9.999767769690041108e-01 -6.811146438171446216e-02
9.999790904095815502e-01 2.022489323233141352e-03 6.142335106729299513e-03 8.352342267380173269e+00 -2.020726141117486219e-03 9.999979153339946247e-01 -2.932465301188872005e-04 1.108127267358158252e-02 -6.142915389988349434e-03 2.808284213363791996e-04 9.999810926842113146e-01 -6.461384995818228449e-02
9.999848840204900169e-01 1.884114886133037492e-03 5.165446894801822668e-03 8.536007693182607881e+00 -1.881950566279409721e-03 9.999981393141653685e-01 -4.238281175923632642e-04 4.266376367484066290e-03 -5.166235824393472682e-03 4.141005953064634494e-04 9.999865691738583084e-01 -6.524440521582622332e-02
9.999718226051261816e-01 4.624942903932403697e-03 5.913027897560152457e-03 8.747465065512741944e+00 -4.622596922396605794e-03 9.999892315459320002e-01 -4.103533471228039907e-04 3.391654792024353243e-03 -5.914862084191715996e-03 3.830082398731975341e-04 9.999824337013191178e-01 -6.845162760101590471e-02
9.999851845850447063e-01 2.993284600021944592e-03 4.546521496416145586e-03 8.947884900506840822e+00 -2.990965916133697059e-03 9.999953935590889520e-01 -5.167044525411357411e-04 7.210614292472508624e-03 -4.548047196614075222e-03 5.030983065175122183e-04 9.999895310245959790e-01 -6.851250041435889837e-02
9.999882715386445575e-01 2.389958079288228947e-03 4.212467867339107774e-03 9.159113243554816819e+00 -2.387600428011058158e-03 9.999969902773593322e-01 -5.646241396932061198e-04 4.023866436314530587e-04 -4.213804617003614680e-03 5.545598274377615787e-04 9.999909681162363340e-01 -7.149108246049695747e-02
9.999823141987288500e-01 2.401116700934547397e-03 5.441133001795606973e-03 9.389402112478705931e+00 -2.398583802011325546e-03 9.999970120074367363e-01 -4.719872276569807160e-04 -4.643302379896118229e-03 -5.442250040145617772e-03 4.589278667019736774e-04 9.999850855386362980e-01 -7.241928843421739648e-02
9.999919955224381152e-01 2.195518002348165968e-03 3.344935239054429299e-03 9.585364847058546189e+00 -2.193763521321091380e-03 9.999974542541143485e-01 -5.280974371075211268e-04 4.450706128403366518e-03 -3.346086171129469822e-03 5.207552130548163266e-04 9.999942662442337094e-01 -7.158657121936974621e-02
9.999905865385658732e-01 1.976650038097690302e-03 3.862601310236222791e-03 9.839967416114586030e+00 -1.974373232176311350e-03 9.999978749957451063e-01 -5.931731063839686992e-04 5.056180896501954666e-03 -3.863765597835336265e-03 5.855413059383085105e-04 9.999923641992393142e-01 -7.454056021932219112e-02
9.999863306219457515e-01 2.303354898340456355e-03 4.693945618447638302e-03 1.005886657800115103e+01 -2.300795039835131298e-03 9.999972015428130190e-01 -5.506802405894250163e-04 5.071800514096904376e-03 -4.695200894671368308e-03 5.398729063368492643e-04 9.999888317505369884e-01 -7.684652182842273416e-02
9.999858019852735369e-01 2.379640114871220315e-03 4.767928354434155039e-03 1.005444972707158691e+01 -2.377336695926614372e-03 9.999970547090334394e-01 -4.887161677509426275e-04 4.110683798630269947e-03 -4.769077280095410445e-03 4.773742579110505624e-04 9.999885139418923652e-01 -7.488987470575747540e-02
9.999929033304940651e-01 2.293565354753671764e-03 2.988786812842521810e-03 1.027787605141603855e+01 -2.291587879713313791e-03 9.999971532704087229e-01 -6.648880118448704428e-04 7.234553920473817297e-03 -2.990303268683418107e-03 6.580342257190349839e-04 9.999953125276733745e-01 -7.373145027148897412e-02
9.999888521681895570e-01 1.825861823596297518e-03 4.354511218023104056e-03 1.052927379550536102e+01 -1.823736073205638230e-03 9.999982159141163063e-01 -4.920927957416101547e-04 -1.096483616780193418e-03 -4.355401942650521073e-03 4.841458307844007537e-04 9.999903979922669661e-01 -8.006521043761744005e-02
9.999933662665198009e-01 2.240522239239543106e-03 2.871843144976982034e-03 1.076982778116055428e+01 -2.238663414455291378e-03 9.999972827380271267e-01 -6.503096793713605567e-04 1.419480315756588285e-03 -2.873292374725836245e-03 6.438762752095537542e-04 9.999956647977388258e-01 -7.497877433737570874e-02
9.999876090415621421e-01 1.933725430870445947e-03 4.587207134837621367e-03 1.101879822942847476e+01 -1.931067590356421587e-03 9.999979650983652490e-01 -5.837611584835518267e-04 -5.416895683786821999e-03 -4.588326634120037939e-03 5.748957180949626879e-04 9.999893083196499388e-01 -8.252501833751325899e-02
9.999943746308521675e-01 2.001125738532476793e-03 2.691877120035942195e-03 1.126393591261195581e+01 -1.999298061548289082e-03 9.999977691938418678e-01 -6.814797141169409538e-04 -4.825905660651177986e-03 -2.693234841576093181e-03 6.760940158339681649e-04 9.999961446840531787e-01 -8.159485437222020743e-02
9.999894079927500457e-01 2.639445050774445224e-03 3.770574509691588909e-03 1.153422306461525082e+01 -2.637309631199446884e-03 9.999963591588160172e-01 -5.711978829626341734e-04 -7.477688476786079931e-03 -3.772068427053825411e-03 5.612476603609519712e-04 9.999927282239833293e-01 -8.428369389175668913e-02
9.999947921861999101e-01 1.570958798615683903e-03 2.819164580496407325e-03 1.178515745839655615e+01 -1.568991145812489302e-03 9.999985241099434985e-01 -7.000319414195387262e-04 -6.514151167415483529e-03 -2.820260141057120192e-03 6.956050515181467012e-04 9.999957811242751182e-01 -8.496721765967790718e-02
9.999866291623432657e-01 3.670966450788227826e-03 3.642183665236213997e-03 1.206319283989954450e+01 -3.668484199894484713e-03 9.999930344327909726e-01 -6.879749807258372886e-04 -2.287769718360602167e-03 -3.644683828434332109e-03 6.746044886950251828e-04 9.999931305706927231e-01 -8.976938895782164696e-02
9.999940303364079908e-01 1.561725058886453792e-03 3.082256703717989495e-03 1.232126262273109596e+01 -1.559463112751032117e-03 9.999985130945547862e-01 -7.361273528443859192e-04 -1.304750141588088830e-03 -3.083401749227181535e-03 7.313162927782507292e-04 9.999949788924605842e-01 -9.082609187604648304e-02
9.999917598868063306e-01 2.629446149806414796e-03 3.092922797795267034e-03 1.258075542605708996e+01 -2.627126888091669676e-03 9.999962650748290827e-01 -7.536847524058463022e-04 5.743531046023299391e-03 -3.094893019430439499e-03 7.455530413132945098e-04 9.999949328810925353e-01 -9.419725178546257960e-02
9.999939386845397848e-01 1.312118657129609980e-03 3.225048652410389058e-03 1.287244018979372662e+01 -1.309585780005857042e-03 9.999988325218375218e-01 -7.873627160667113524e-04 -3.742378877930156722e-03 -3.226078000546193578e-03 7.831344657578840837e-04 9.999944895453889426e-01 -9.807766314260030205e-02
9.999886039145253758e-01 3.494517442920931638e-03 3.252750977177559354e-03 1.314609350166807822e+01 -3.491867563763809135e-03 9.999935672255153563e-01 -8.199807960756984098e-04 5.495307900181753413e-04 -3.255595490158815029e-03 8.086132758742514129e-04 9.999943736054590637e-01 -1.035043741416663554e-01
9.999938796838722110e-01 1.282661132356262496e-03 3.255053796299481154e-03 1.343121656674196096e+01 -1.279929983257183318e-03 9.999988272540645262e-01 -8.409933017637231164e-04 -2.907092633425381600e-03 -3.256128688369115676e-03 8.368219136678561789e-04 9.999943486615560095e-01 -1.024429040933871743e-01
9.999953052879951843e-01 6.079087741536589240e-04 3.003306326649065293e-03 1.373748968749942989e+01 -6.049254175123402110e-04 9.999993228494028497e-01 -9.941659695700492266e-04 -8.523219169670644135e-03 -3.003908655174259042e-03 9.923445259135714111e-04 9.999949958800460337e-01 -1.048461853771815860e-01
9.999788652118604126e-01 -5.774037099390942618e-03 2.988247843580595867e-03 1.401576132751662840e+01 5.778022345418061187e-03 9.999824269691149903e-01 -1.326729337319955838e-03 -2.254063857452831554e-03 -2.980534746594412556e-03 1.343967459990348928e-03 9.999946550677613066e-01 -1.073844747912174602e-01
9.999184339294951984e-01 -1.236454541323895109e-02 3.200547564050347862e-03 1.432452803311412914e+01 1.237028757398647705e-02 9.999218997054565294e-01 -1.780582704591399286e-03 3.200107651172770865e-03 -3.178281504629947019e-03 1.820029163218501566e-03 9.999932929877691778e-01 -1.195119691316599009e-01
9.999174943555946271e-01 -1.243724001949467022e-02 3.212404446326175105e-03 1.432008403481202485e+01 1.244292508679132638e-02 9.999210422008972809e-01 -1.755841438142740577e-03 8.314207433425452320e-03 -3.190312980538909451e-03 1.795668279187524925e-03 9.999932987168050902e-01 -1.183070966857052708e-01
9.997891447495064199e-01 -2.029086710269404834e-02 3.153847376035434982e-03 1.462090640425289756e+01 2.029692573401268088e-02 9.997921888356050557e-01 -1.901038941672141382e-03 -9.703892055416274420e-04 -3.114618242817382074e-03 1.964651503597699116e-03 9.999932196258487505e-01 -1.217638602452996571e-01
9.996862198847535907e-01 -2.307902079339647916e-02 9.737585519527879041e-03 1.492989390253815607e+01 2.307602243647193657e-02 9.997336248434768313e-01 4.201735758457754454e-04 1.089874796751157116e-02 -9.744688863354736275e-03 -1.953369918070335296e-04 9.999525003130979028e-01 -1.303733365745523565e-01
9.996060506460167083e-01 -2.635874564330501282e-02 9.641578708111091939e-03 1.523514863722523138e+01 2.635697260193958433e-02 9.996525462951244556e-01 3.109355797462834002e-04 2.988662326967076593e-02 -9.646424577726093325e-03 -5.669026102638380403e-05 9.999534705570457538e-01 -1.307067963721150194e-01
9.996723393005745306e-01 -2.518740662447468276e-02 4.561642779785005965e-03 1.552965787941574227e+01 2.519132204463402774e-02 9.996823258538243273e-01 -8.029129042701935821e-04 4.773488657708108152e-02 -4.539970370005886983e-03 9.175636335845464104e-04 9.999892733154780444e-01 -1.189825767876609708e-01
9.996312853313167324e-01 -2.677020142254478430e-02 4.544194390217031962e-03 1.583465535463786189e+01 2.677366538265143342e-02 9.996412738629882888e-01 -7.031582750645125682e-04 6.777723316034239831e-02 -4.523740580262192515e-03 8.245637503314828722e-04 9.999894278770071754e-01 -1.215890967865415895e-01
9.996677806111599063e-01 -2.562369987282623815e-02 2.784674628241125358e-03 1.616249141786625643e+01 2.562618170317728858e-02 9.996712262088393031e-01 -8.592446865438377324e-04 7.191376316630694598e-02 -2.761742072241129501e-03 9.303198068067448749e-04 9.999957536338759390e-01 -1.235197008060274909e-01
9.996409731001348886e-01 -2.664732627226744019e-02 2.800875212273931918e-03 1.647255017678153166e+01 2.665021548320328434e-02 9.996443204311449282e-01 -9.993219967701200655e-04 6.382782162704223050e-02 -2.773249738887025983e-03 1.073607141240315744e-03 9.999955782170198981e-01 -1.261519691155923162e-01
9.996743973126187566e-01 -2.532331191034857196e-02 3.135160529182302262e-03 1.679970633190890084e+01 2.532657629574389460e-02 9.996787247144687250e-01 -1.005925638098255836e-03 7.679119562547161160e-02 -3.108679910895923836e-03 1.085000988348925515e-03 9.999945794263421783e-01 -1.306062263058752060e-01
9.996362137266630032e-01 -2.677222717266609930e-02 3.269259615961210910e-03 1.713714180184976144e+01 2.677538484154771276e-02 9.996410462758844595e-01 -9.259411655952590799e-04 7.956764296996286789e-02 -3.243296595813121609e-03 1.013140005273589772e-03 9.999942272705985014e-01 -1.294559473148609030e-01
9.996144141317396814e-01 -2.640714838743037779e-02 -8.584030178369514777e-03 1.744812380277231156e+01 2.640802452595854971e-02 9.996512472424180507e-01 -1.128336174387521804e-05 8.290371250774336565e-02 8.581334435581519995e-03 -2.154082684429100940e-04 9.999631564705684372e-01 -1.562267042951608897e-01
9.996291311751236419e-01 -2.706903427933015846e-02 2.977832979163467456e-03 1.777784936970395080e+01 2.706852516331705386e-02 9.996335580415225408e-01 2.111462263156923971e-04 1.078090547872496002e-01 -2.982457300652654238e-03 -1.304623718342199344e-04 9.999955439540815227e-01 -1.325645469204835281e-01
9.996292816715344198e-01 -2.706326321795523432e-02 2.979766576039972678e-03 1.777730831633641628e+01 2.706292639926434485e-02 9.996337201756302360e-01 1.533053744336897119e-04 1.090734878432534499e-01 -2.982824091362863694e-03 -7.260733778717716729e-05 9.999955487344003302e-01 -1.338324514322751235e-01
9.996386444496132562e-01 -2.688060693423694955e-02 -1.161627593293477481e-04 1.813967432503713795e+01 2.688084842042321246e-02 9.996325915438527554e-01 3.478780176891054215e-03 1.050776461217350216e-01 2.260835760365703147e-05 -3.480645653891189985e-03 9.999939422789990706e-01 -1.536518494151499770e-01
9.996175846824583155e-01 -2.750348600197923682e-02 2.871001802032428080e-03 1.848164839988690744e+01 2.749393231801889464e-02 9.996164713293146376e-01 3.315710002660314602e-03 1.232919280105653215e-01 -2.961094274172549300e-03 -3.235506895136781077e-03 9.999903816616593222e-01 -1.440876106536105039e-01
9.996362140789823991e-01 -2.684167089217825292e-02 2.638978126993936791e-03 1.881644908777649761e+01 2.683521128537123129e-02 9.996368600778822167e-01 2.453448369521069993e-03 1.325116328653676567e-01 -2.703874462368065484e-03 -2.381738303930939441e-03 9.999935081716997409e-01 -1.423278572414133081e-01
9.996206503189795090e-01 -2.749324474780893979e-02 1.636138471422200627e-03 1.916098870752717787e+01 2.748907090058085728e-02 9.996189249708208324e-01 2.521075406094911396e-03 1.301314291302895776e-01 -1.704827523073911564e-03 -2.475143110499687486e-03 9.999954836046506257e-01 -1.511203437564384022e-01
9.996360295785052807e-01 -2.697663704894074158e-02 2.634806473458438316e-04 1.951390872847801461e+01 2.697572775456117192e-02 9.996315986803198106e-01 2.996169544575758969e-03 1.426727293028348664e-01 -3.442101590687617562e-04 -2.987971445272353133e-03 9.999954767627744490e-01 -1.513934735402574505e-01
9.996263359398921411e-01 -2.732205966351318460e-02 -8.327971717927513864e-04 1.985417097524326735e+01 2.732494333980242662e-02 9.996198521046800733e-01 3.674064465152960309e-03 1.588523898554793368e-01 7.320975771761631130e-04 -3.695447734840597801e-03 9.999929038244104174e-01 -1.589357254812157616e-01
9.996341035494751281e-01 -2.704422385755182387e-02 5.186297135820862672e-04 2.022572770336693893e+01 2.704213171948526354e-02 9.996274924065280398e-01 3.687755022060455485e-03 1.694999911409975080e-01 -6.181689924239907458e-04 -3.672380832559152524e-03 9.999930657190165828e-01 -1.568258671240075897e-01
9.996355770482584502e-01 -2.699299998935237102e-02 3.017465329982164522e-04 2.057654817941619996e+01 2.699165075604490274e-02 9.996283482056235181e-01 3.823120866560120699e-03 1.826680033334754372e-01 -4.048318898681309785e-04 -3.813582996533528696e-03 9.999926463208964611e-01 -1.588475822628958312e-01
9.996209699179796626e-01 -2.746666839068594157e-02 1.870461909185897270e-03 2.134402633614979194e+01 2.746019570431636886e-02 9.996171072178731132e-01 3.402441660295496637e-03 2.046758818015089743e-01 -1.963199459623617919e-03 -3.349788782470211699e-03 9.999924623530892509e-01 -1.559411165393951304e-01
9.995982134688302656e-01 -2.739077878645601247e-02 7.290875626036163494e-03 2.169829076469414986e+01 2.735501032469879121e-02 9.996134699199803464e-01 4.961266438340293516e-03 2.081157892520827668e-01 -7.423950434810265391e-03 -4.759831090281510524e-03 9.999611137278956452e-01 -1.829556496466192839e-01
9.995953714707332960e-01 -2.748859820509299418e-02 7.312339092636351880e-03 2.207003180416970523e+01 2.744795303226906652e-02 9.996075371652628494e-01 5.601920807732621924e-03 2.187599902711170052e-01 -7.463458221568008803e-03 -5.398945370784412334e-03 9.999575731901120257e-01 -1.798522781158869710e-01
9.995881905070886919e-01 -2.741035538478251918e-02 8.492456443467032851e-03 2.245155045230823987e+01 2.736427979547943409e-02 9.996104246898553924e-01 5.495001605247180725e-03 2.386845312402623431e-01 -8.639767938953955839e-03 -5.260348757152622477e-03 9.999488402617976446e-01 -1.746491541545230064e-01
9.995957775912237553e-01 -2.733748710673252966e-02 7.806613893748240787e-03 2.282298292277761220e+01 2.729678159489730763e-02 9.996134603571475985e-01 5.274048480046347222e-03 2.372964421948154656e-01 -7.947775560325413477e-03 -5.058821157012403751e-03 9.999556196112625583e-01 -1.811921993758546512e-01
9.995912798939700084e-01 -2.753139334942062560e-02 7.700359743178923286e-03 2.321841002629631845e+01 2.749198990571451867e-02 9.996086180450186598e-01 5.176989583921830056e-03 2.522957759728212124e-01 -7.839875697929384046e-03 -4.963175431860328106e-03 9.999569506927153961e-01 -1.801064180150923066e-01
9.996121469259120484e-01 -2.734780102713170111e-02 5.258659253959675067e-03 2.359874384630249367e+01 2.732196551582616664e-02 9.996145599492078926e-01 4.923589940634741889e-03 2.646055952335517047e-01 -5.391281714105395848e-03 -4.778003404344551182e-03 9.999740520458254567e-01 -1.953206700440923149e-01
9.996110475856970767e-01 -2.739317486309355079e-02 5.231397093047095680e-03 2.398295201371652752e+01 2.736863439419042962e-02 9.996143296498937181e-01 4.706358463910439473e-03 2.764059648533991886e-01 -5.358301598668973979e-03 -4.561351720012890403e-03 9.999752410307287676e-01 -1.966579316554494250e-01
9.996229963176734845e-01 -2.745143108424307615e-02 5.330706366929368343e-04 2.438663419358255524e+01 2.744908927314866631e-02 9.996152331836885008e-01 3.991626885728963986e-03 2.895194035922979414e-01 -6.424413991687878646e-04 -3.975489724199091773e-03 9.999918913423755384e-01 -1.817837439207433681e-01
9.996288780258518747e-01 -2.721389229344970545e-02 -1.228935725402364055e-03 2.518014963477053314e+01 2.721890874055318127e-02 9.996203832303007797e-01 4.268540439075933085e-03 3.031207559160868925e-01 1.112305601032871974e-03 -4.300406579279185057e-03 9.999901345910882089e-01 -1.957327267086762523e-01
9.996259164902843164e-01 -2.733417533857607565e-02 9.327054835454368000e-04 2.559867646720971024e+01 2.733091276178008580e-02 9.996208350274785603e-01 3.347743504872794859e-03 3.157136552927157780e-01 -1.023859642247169953e-03 -3.320999477029649982e-03 9.999939613187204257e-01 -1.909781806405888571e-01
9.996252979452617815e-01 -2.736372552479946624e-02 7.001665872902934412e-04 2.599324145936377661e+01 2.736161264803158022e-02 9.996214877667292109e-01 2.867638109987311838e-03 3.363087394759923243e-01 -7.783708278178241803e-04 -2.847405913144722498e-03 9.999956431997192308e-01 -1.948231147430729282e-01
9.996179425803781715e-01 -2.728977337056965810e-02 4.386016501867964247e-03 2.639278914729142400e+01 2.727759472907028207e-02 9.996239393619332780e-01 2.812948688944092758e-03 3.343342420096866441e-01 -4.461131825928024881e-03 -2.692234000413497308e-03 9.999864249973190455e-01 -2.179749645554991400e-01
9.996180447490399246e-01 -2.734551402890711067e-02 3.998434018625759284e-03 2.682093382043055740e+01 2.733650059330914803e-02 9.996236609023311237e-01 2.291789591833893330e-03 3.446147355549766256e-01 -4.059599416009898945e-03 -2.181611036842725886e-03 9.999893800565411439e-01 -2.172536213750989043e-01
9.996149602779146326e-01 -2.722123533589611635e-02 5.379176086632499187e-03 2.722642533253598174e+01 2.720911316558270385e-02 9.996270851875459496e-01 2.314026835031283980e-03 3.570298447798699315e-01 -5.440160781240960253e-03 -2.166773231903045688e-03 9.999828547252376243e-01 -2.171292456309210639e-01
9.996107463408828719e-01 -2.745682034088519144e-02 4.947607158166611452e-03 2.805384336947307844e+01 2.745081721862155724e-02 9.996223393808247870e-01 1.277201956259685746e-03 3.658201960809990272e-01 -4.980806546435871326e-03 -1.140888940956404649e-03 9.999869448840676966e-01 -2.262306338204023159e-01
9.996272295278786357e-01 -2.705645517615908741e-02 3.653795248564623791e-03 2.848962108407981120e+01 2.705127013096022409e-02 9.996329795822790354e-01 1.461135091891766673e-03 3.886891024707002096e-01 -3.691987367226311299e-03 -1.361750621601588241e-03 9.999922574022884758e-01 -2.349418161512877301e-01
9.996226909029894969e-01 -2.704916677285567825e-02 4.776861810924455491e-03 2.891791310892597267e+01 2.704715103080828839e-02 9.996340407057687782e-01 4.860898827940445584e-04 3.992578539067764831e-01 -4.788262000253783700e-03 -3.567059738059275183e-04 9.999884725874920166e-01 -2.341863239832518984e-01
9.995770478257005598e-01 -2.875094315707473966e-02 4.371353066937159505e-03 2.934662402471962750e+01 2.874846660241506605e-02 9.995864799299942760e-01 6.283384224145714073e-04 4.085484306448077252e-01 -4.387610746977147792e-03 -5.024029676604076320e-04 9.999902481840465818e-01 -2.400976685752998219e-01
9.994340269616726058e-01 -3.161856185806456720e-02 1.148443717394881380e-02 2.979278666367712347e+01 3.159053590702372294e-02 9.994974771740817721e-01 2.613649508417587117e-03 4.216873230792381189e-01 -1.156130582078328251e-02 -2.249370728348596814e-03 9.999306358638306858e-01 -2.579870322398570837e-01
9.987356147241770454e-01 -4.633197557898875024e-02 1.950691980985862911e-02 3.067477218686297746e+01 4.639221699752444500e-02 9.989197947809203004e-01 -2.646846595219337801e-03 4.744567984185334986e-01 -1.936321470146081664e-02 3.548469218129250181e-03 9.998062183656556412e-01 -2.615476222404464202e-01
9.984976316175693256e-01 -5.422007420942581701e-02 7.916009526851704517e-03 3.109943202121154826e+01 5.425610324711396815e-02 9.985173154922859506e-01 -4.409753112955333218e-03 4.981732893958169539e-01 -7.665175441133639800e-03 4.832619869498106999e-03 9.999589445925535225e-01 -2.528042832027662112e-01
9.980649539266832626e-01 -6.021159081929664675e-02 1.552134254300199280e-02 3.153492878766655139e+01 6.029504274733472197e-02 9.981682482528293487e-01 -4.965480840270683309e-03 5.176207691428741375e-01 -1.519393179610497961e-02 5.891732418194919017e-03 9.998672071458728494e-01 -2.553268246952595799e-01
9.978983219820269923e-01 -6.435178907703648088e-02 7.601725333067332543e-03 3.195382923075356629e+01 6.437985488798853018e-02 9.979193042013000392e-01 -3.506648969431068203e-03 5.402188439625785765e-01 -7.360249320255913066e-03 3.988677096216488270e-03 9.999649579785112596e-01 -2.588103382778600969e-01
9.977715697259306182e-01 -6.650711193713182423e-02 5.357117549033407929e-03 3.237454772998797381e+01 6.652319818290844400e-02 9.977807148795808656e-01 -2.882554060217710871e-03 5.661509771342753128e-01 -5.153518232220768817e-03 3.232503081886765883e-03 9.999814959156273497e-01 -2.759841842004185919e-01
9.977000173562419194e-01 -6.778302452816629964e-02 -3.700718424078488014e-04 3.282168718563419674e+01 6.778039584342317181e-02 9.976881589175653486e-01 -4.914824003740918094e-03 5.884779814882196147e-01 7.023579311163092968e-04 4.878436377866278949e-03 9.999878537021555935e-01 -2.808863251425964824e-01
9.976374544766614116e-01 -6.869831139644914930e-02 -2.267963927135669083e-04 3.325639324657940676e+01 6.869507360508415872e-02 9.976134164789820513e-01 -6.961186933648269223e-03 6.173776500498039388e-01 7.044769118367521501e-04 6.929161017730230132e-03 9.999757449257812292e-01 -2.822533975442416687e-01
9.975838065854745196e-01 -6.900654404374922946e-02 8.040256063876882048e-03 3.370356715635287514e+01 6.905333229979435106e-02 9.975967178025608728e-01 -5.694376862466887096e-03 6.586839433962883295e-01 -7.627983791854187762e-03 6.235824620346294353e-03 9.999514629993675463e-01 -2.797538071744629096e-01
9.975513989418501870e-01 -6.979771319860944567e-02 4.414261138899332193e-03 3.415295834512193096e+01 6.981884886209591135e-02 9.975479927015171722e-01 -4.830176057427110203e-03 6.793710630278776419e-01 -4.066302095214253953e-03 5.126547514516480164e-03 9.999785916197665436e-01 -2.857369726874985916e-01
9.975281809945757416e-01 -7.003210803959977748e-02 5.747344185157929504e-03 3.460565908282326575e+01 7.006170878063730512e-02 9.975295125727139389e-01 -5.121377664355302416e-03 7.096489826526403144e-01 -5.374484569706488267e-03 5.511387300273218152e-03 9.999703693238296554e-01 -2.870894065404094864e-01
9.975230019977183726e-01 -7.015961672990989051e-02 5.048630088662181027e-03 3.551117626617377709e+01 7.018307201399398565e-02 9.975233875520548299e-01 -4.629005222680287676e-03 7.789317520322682764e-01 -4.711357356275530130e-03 4.971867555075752329e-03 9.999765415472886554e-01 -2.991237538973081644e-01
9.975304990233302416e-01 -7.003273297893582161e-02 5.321637883855902251e-03 3.596297921544012866e+01 7.005775079329988608e-02 9.975320072746395317e-01 -4.669691254497850864e-03 8.024569641300448586e-01 -4.981472879551224198e-03 5.030981428063483439e-03 9.999749367628274488e-01 -3.023751500061514497e-01
9.975368075138627555e-01 -6.998963426088682105e-02 4.665699420031228263e-03 3.641436102152175636e+01 7.001086470574326148e-02 9.975358352636911619e-01 -4.553700464907323511e-03 8.325698913660093403e-01 -4.335490537977676299e-03 4.869133474991514318e-03 9.999787473046604092e-01 -3.060952083568073134e-01
