1.000000000000000000e+00 0.000000000000000000e+00 0.000000000000000000e+00 0.000000000000000000e+00 0.000000000000000000e+00 1.000000000000000000e+00 0.000000000000000000e+00 0.000000000000000000e+00 0.000000000000000000e+00 0.000000000000000000e+00 1.000000000000000000e+00 0.000000000000000000e+00
9.999999999971770359e-01 -8.539513677590836925e-07 -2.217346751374672537e-06 -3.386189093581406574e-04 8.539554528931824499e-07 9.999999999979382048e-01 1.842352102252933599e-06 2.492709859564363442e-04 2.217345178091003226e-06 -1.842353995763082046e-06 9.999999999958445462e-01 -1.608939825393077399e-05
9.999999999510833515e-01 -1.205754801257467105e-06 9.817302077496887976e-06 8.883346301032897518e-02 1.205470152720369840e-06 9.999999995789319307e-01 2.899453292902507163e-05 -6.383744657985718435e-04 -9.817337033660424798e-06 -2.899452109314212380e-05 9.999999995314687862e-01 1.291377146370452020e-03
9.999999587713305216e-01 -2.801690252030376621e-04 6.294962002700430403e-05 1.848099908704336491e-01 2.801682127021534892e-04 9.999999606694790488e-01 1.291560858971631055e-05 -1.147174302055035434e-03 -6.295323610463144303e-05 -1.289797157468970634e-05 9.999999979352661716e-01 2.667638737112823424e-03
9.999999831250184767e-01 -1.053024808694550432e-04 1.505368736536057280e-04 3.759272825406957397e-01 1.052947383190830480e-04 9.999999931334765391e-01 5.143991614048167368e-05 8.791354009723369167e-03 -1.505422893707260398e-04 -5.142406453171530629e-05 9.999999873462922517e-01 1.773309349482869984e-03
9.999999527585656800e-01 -2.947228186628326487e-04 8.730020966894376803e-05 4.913663375267434130e-01 2.947211365043819211e-04 9.999999563838483096e-01 1.928090243061241334e-05 6.461836441744086071e-03 -8.730588838315528008e-05 -1.925517230274422729e-05 9.999999960034601232e-01 -3.671725164303340713e-04
9.999999656962973438e-01 -2.517568045610950539e-04 7.229049429101886922e-05 4.815633817693306673e-01 2.517557973828486511e-04 9.999999682123310585e-01 1.394113638831603868e-05 7.095669541534582563e-03 -7.229400176902165201e-05 -1.392293635905000417e-05 9.999999972898645506e-01 -1.432691010428092243e-04
9.999999922725252288e-01 3.603492651481537062e-05 1.189808118289009410e-04 5.966072059625231461e-01 -3.603721714538018242e-05 9.999999991653779619e-01 1.925001290937111611e-05 1.036238364363056830e-02 -1.189801180567963429e-04 -1.925430049796914125e-05 9.999999927365016417e-01 7.745736055515178636e-04
9.999988902490812848e-01 1.472266505609781759e-03 2.278858100144210612e-04 7.168459877052638651e-01 -1.472273534232238380e-03 9.999989157341607759e-01 3.067805681861446321e-05 2.970832355385600448e-02 -2.278403966501107742e-04 -3.101353302052403595e-05 9.999999735634568232e-01 2.139313161392113975e-03
9.999865065981373702e-01 5.188387350933751710e-03 2.593421484751645342e-04 8.548751842497683828e-01 -5.188411985347134159e-03 9.999865356436710151e-01 9.440571710162737513e-05 4.624050904978491833e-02 -2.588488431716004642e-04 -9.575001715880262761e-05 9.999999619146046070e-01 1.040236003984281593e-03
9.999447210727304691e-01 1.051104073404235222e-02 2.698545285939452890e-04 9.841514338433572373e-01 -1.051109475380948739e-02 9.999447370065644991e-01 1.995493649268667027e-04 5.680160905778246228e-02 -2.677421441217044920e-04 -2.023748005718317656e-04 9.999999436792905705e-01 2.501539658625847543e-03
9.998900008500709591e-01 1.482860902197083094e-02 3.139339397743053225e-04 1.107528019520739981e+00 -1.482865217174452258e-02 9.998900403022121797e-01 1.355699447682278595e-04 4.210455129526645413e-02 -3.118891059870641585e-04 -1.402102493873660244e-04 9.999999415331340957e-01 3.717986663905200294e-03
9.998725978182974039e-01 1.595895752831133149e-02 3.159219821050565538e-04 1.223975512677302202e+00 -1.595899623189364971e-02 9.998726398648252189e-01 1.203703281186140810e-04 1.043270521615747431e-02 -3.139607612845971116e-04 -1.253967903981864933e-04 9.999999428521409994e-01 2.946972839073199769e-03
9.998713024926693116e-01 1.604029239303817259e-02 2.957559107856961873e-04 1.220938195792271141e+00 -1.604032659053297380e-02 9.998713392298732572e-01 1.136201068235793873e-04 6.167157586504611738e-03 -2.938953588672664876e-04 -1.183495055991316548e-04 9.999999498094550576e-01 3.587156376251006678e-03
9.998577448329577511e-01 1.686331783191942144e-02 3.443969388939793958e-04 1.341167574660173667e+00 -1.686335867837144772e-02 9.998577967229144159e-01 1.160451794543810200e-04 -6.347925567521788166e-03 -3.423910577766491286e-04 -1.218363605362956462e-04 9.999999339621302719e-01 4.242737871114765288e-03
9.998551159019843926e-01 1.701839403006044985e-02 3.485244138140714551e-04 1.465053520768768713e+00 -1.701843383393914291e-02 9.998551697440664077e-01 1.115612118768519444e-04 5.903900495793229508e-04 -3.465753442718282843e-04 -1.174763881073028312e-04 9.999999330424123034e-01 3.301250671681066166e-03
9.998512161417637545e-01 1.724586127023713944e-02 3.547518623308874614e-04 1.588617573253285897e+00 -1.724589791852389198e-02 9.998512733917300777e-01 1.005083070358962809e-04 -1.207344195476791997e-02 -3.529657489699781115e-04 -1.066113674263554132e-04 9.999999320245959167e-01 2.017928424200547514e-03
9.998524647120331510e-01 1.717316747417506687e-02 3.621162470415340939e-04 1.721791437244188039e+00 -1.717320258876799469e-02 9.998525252560359622e-01 9.408492511274860247e-05 -2.387759964946575830e-02 -3.604471078649599245e-04 -1.002897399373573725e-04 9.999999300099228217e-01 2.920606320619814622e-03
9.998492110687182688e-01 1.736227226542021856e-02 3.265379656706236594e-04 1.848835565034374406e+00 -1.736228923938647889e-02 9.998492628841046947e-01 4.921869925104012242e-05 -1.857225038593932759e-02 -3.256341958225017616e-04 -5.488072422359520738e-05 9.999999454752368511e-01 1.101328335986549289e-03
9.998758847029101116e-01 1.575115999990341770e-02 3.408052673544672466e-04 1.983858884807041090e+00 -1.575117475514486304e-02 9.998759417252977011e-01 4.065442254416508372e-05 -2.576376659007181824e-02 -3.401226333267929128e-04 -4.601746003200707965e-05 9.999999410994920845e-01 -6.473702604042181306e-05
9.998839532807878294e-01 1.523094072850746973e-02 3.137134169473901574e-04 2.117193618986540127e+00 -1.523095646155982717e-02 9.998840011112412052e-01 4.782302247665038916e-05 -3.423572822915960101e-02 -3.129486369188356110e-04 -5.259562816672202861e-05 9.999999496484239803e-01 -1.029231254891937444e-03
9.998914133850690389e-01 1.473331674173516785e-02 3.013579212401279461e-04 2.260984009133517603e+00 -1.473332679285082984e-02 9.998914581646739519e-01 3.115986499949034759e-05 -2.817555195345138042e-02 -3.008661231375992949e-04 -3.559648619047335474e-05 9.999999541062319919e-01 -9.200869542227544957e-04
9.998887963375825416e-01 1.491046472015774421e-02 2.701858789882736491e-04 2.389030715411751160e+00 -1.491048116921447550e-02 9.998888308577069672e-01 5.896872368304805948e-05 -3.811338718292527072e-02 -2.692765915817780186e-04 -6.299076760584873481e-05 9.999999617611394775e-01 2.787754391141497590e-04
9.998907297504774361e-01 1.478056524996793249e-02 2.518927333751138178e-04 2.525790035571013448e+00 -1.478057625817572225e-02 9.998907604384396075e-01 4.189648248391530840e-05 -3.112433913729173093e-02 -2.512459630302620191e-04 -4.561502419935136083e-05 9.999999673973672953e-01 1.548372524103758122e-03
9.998912717634493852e-01 1.474414477196809604e-02 2.341926880211916788e-04 2.672241497298757373e+00 -1.474415307858807124e-02 9.998912984963679307e-01 3.378227927020880175e-05 -3.475659545499985847e-02 -2.336691401075771397e-04 -3.723157902462755780e-05 9.999999720062708874e-01 1.035942029375583979e-03
9.998931714315312247e-01 1.461534272843682120e-02 1.936014584912178161e-04 2.813993084123676436e+00 -1.461535677068349220e-02 9.998931874257455110e-01 7.131653729301671142e-05 -4.495242307284090522e-02 -1.925384637863141683e-04 -7.413847303660337808e-05 9.999999787162131559e-01 -6.175520410857356698e-04
9.999106924840203137e-01 1.336311068650111386e-02 1.852806175066777780e-04 2.967270433822884357e+00 -1.336311737179293399e-02 9.999107089519160274e-01 3.489103472195149183e-05 -4.784234637956083502e-02 -1.847978208471949839e-04 -3.736384532877051848e-05 9.999999822268540450e-01 -2.566040883083750557e-04
9.999530980424624627e-01 9.683892497341386324e-03 1.547300273329914517e-04 3.119734582075774032e+00 -9.683892599111017241e-03 9.999531100127247996e-01 -9.147465541514276819e-08 -6.303462933720078987e-02 -1.547236578747080002e-04 -1.406918601475462525e-06 9.999999880293051202e-01 -2.225501035958680866e-03
9.999926172863503604e-01 3.842032142601217726e-03 6.451209260495801212e-05 3.276544196483129223e+00 -3.842025601349192444e-03 9.999926142700894527e-01 -1.012153675128860895e-04 -5.009619793396447723e-02 -6.490048883137577388e-05 1.009667631574259343e-04 9.999999927968196145e-01 -3.530869305706073151e-03
9.999996388861723817e-01 -8.496624596685131573e-04 -1.735596460604418216e-05 3.438615909694774597e+00 8.496611209004228471e-04 9.999996360735630141e-01 -7.699818873409964833e-05 -5.256785403651773048e-02 1.742138076017966020e-05 7.698341424064752590e-05 9.999999968850247223e-01 -4.344287946359404531e-03
9.999945949159123604e-01 -3.287845042496091025e-03 1.462658306233100992e-05 3.583513989060976623e+00 3.287845627517648264e-03 9.999945942147601130e-01 -4.015453726848441045e-05 -2.905591816458402005e-02 -1.449448209787227077e-05 4.020241017700097898e-05 9.999999990868381206e-01 -5.468248091236893246e-03
9.999889848162214490e-01 -4.693445372366564748e-03 -4.262346206592428169e-05 3.735068414457046515e+00 4.693443561173669433e-03 9.999889848302346840e-01 -4.249393708091802414e-05 -2.090914293577779415e-02 4.282243553359971563e-05 4.229341818880335923e-05 9.999999981887528477e-01 -4.980918961955613233e-03
9.999876484601075699e-01 -4.969869112856298982e-03 -5.769077462417361406e-05 3.912557174504217805e+00 4.969867354071682772e-03 9.999876496651068924e-01 -3.058984027310839867e-05 -1.233471593555339821e-02 5.784208962612729971e-05 3.030274694404017099e-05 9.999999978680180757e-01 -6.047704525462098413e-03
9.999845565035812012e-01 -5.556628182539871327e-03 -1.031386297698305780e-04 4.070828986271322059e+00 5.556629097321063096e-03 9.999845617805169784e-01 8.584999593226608073e-06 -1.672686996479202937e-02 1.030893338423402079e-04 -9.157970122053001459e-06 9.999999946443604015e-01 -6.064356433378506606e-03
9.999839348174593967e-01 -5.667142211054077873e-03 -1.166454061651549408e-04 4.232942151799964137e+00 5.667145094179304281e-03 9.999839413065872984e-01 2.440133899277945035e-05 -1.498147701759424029e-02 1.165052471341271106e-04 -2.506199342212170762e-05 9.999999928992119314e-01 -6.306373983206544492e-03
9.999817131429680206e-01 -6.038208817812651570e-03 -3.367698433358274420e-04 4.406299735193979217e+00 6.038220543739462702e-03 9.999817692084943532e-01 3.381293559856805506e-05 -1.304919016718309593e-02 3.365595341891408393e-04 -3.584580785279124738e-05 9.999999427213773773e-01 1.577199205080834742e-03
9.999868104047822115e-01 -5.132732546273850900e-03 -1.845889451244932234e-04 4.591540896293850871e+00 5.132748075535366501e-03 9.999868238544427079e-01 8.375378693671518230e-05 -1.506522557975724375e-02 1.841566271656002590e-04 -8.470013081102036685e-05 9.999999794561120758e-01 -8.402487244062355545e-04
9.999650828983039919e-01 -8.351183840903780506e-03 -3.011853972206827079e-04 4.760176719434663362e+00 8.351197450088396548e-03 9.999651271764486982e-01 4.395609687426346398e-05 -3.466023199489285701e-03 3.008078085895436781e-04 -4.646982077603197057e-05 9.999999536776079667e-01 -2.063577593707996861e-03
9.999908502469403437e-01 -4.276893394894776962e-03 -8.720831424916118040e-05 4.952506387909451746e+00 4.276898167206517193e-03 9.999908525380550861e-01 5.461026579790147082e-05 -4.545264604379123385e-03 8.697395422934080299e-05 -5.498274720683229961e-05 9.999999947062143679e-01 -3.209695186295202611e-03
9.999828000988064680e-01 -5.840556347357524908e-03 -5.361045643471901026e-04 5.117682223587229906e+00 5.840589220168605766e-03 9.999829418268957326e-01 5.977280722932533136e-05 -1.461088294880352051e-03 5.357463129340669277e-04 -6.290294568235630518e-05 9.999998545095432068e-01 -4.023906980208736064e-03
9.999761408204902446e-01 -6.874423677635614453e-03 -6.782985032227576566e-04 5.297966169924724689e+00 6.874482117007147362e-03 9.999763669521355425e-01 8.386197553126926551e-05 -6.835854720367477190e-03 6.777059702115192149e-04 -8.852292558373857725e-05 9.999997664391274688e-01 -3.066773339882772603e-03
9.999828385946927245e-01 -5.858516100091131808e-03 -1.747013861698363494e-05 5.504777728080344268e+00 5.858517381284338889e-03 9.999828359862079630e-01 7.420966125976824924e-05 -6.655616182622541704e-03 1.703508026401080576e-05 -7.431073682843469059e-05 9.999999970938602267e-01 -4.063327039558202458e-03
9.999803482489342255e-01 -6.193085156001487852e-03 -9.740699106043573677e-04 5.683208200017125122e+00 6.193164603924190305e-03 9.999808190856991352e-01 7.856769662918853376e-05 -3.217753172462260031e-03 9.735646506171434988e-04 -8.459872792847508466e-05 9.999995225073491367e-01 -4.181937414646156106e-03
9.999686393105797766e-01 -7.894748776307710866e-03 -6.271659322718538482e-04 5.890766897205630848e+00 7.894785960923690962e-03 9.999688340764728567e-01 5.683634938415625931e-05 -1.933636605216873874e-03 6.266976773666195618e-04 -6.178590775432489296e-05 9.999998017162416986e-01 -5.784151134155728589e-03
9.999903421000709836e-01 -4.348175099589278794e-03 -6.395935321020034502e-04 6.085427964684446245e+00 4.348232562346928190e-03 9.999905424777572049e-01 8.847951483903360582e-05 1.913218748973738448e-03 6.392027587087004224e-04 -9.125976173568594988e-05 9.999997915457228270e-01 -5.224575599859462849e-03
9.999676490232973780e-01 -8.025246250675573817e-03 -5.443614935188687172e-04 6.286979815725583620e+00 8.025284596025951400e-03 9.999677945529992229e-01 6.829321804968005569e-05 3.509897252405025370e-04 5.437958922215400514e-04 -7.265966460598065172e-05 9.999998495032890178e-01 -4.549511435786839780e-03
9.999688134036012199e-01 -7.827812933247333543e-03 -1.047647305076251879e-03 6.487982981952256090e+00 7.827848310283387623e-03 9.999693614858465862e-01 2.967186315990495509e-05 3.509548360654261151e-03 1.047382940925270988e-03 -3.787176198229826659e-05 9.999994507772015373e-01 -7.162624846518704340e-03
9.999900974371120910e-01 -4.408581463009647941e-03 -6.078134575206083296e-04 6.695278535025883215e+00 4.408629161605380833e-03 9.999902789705112927e-01 7.715824326488223263e-05 4.487479317694144376e-03 6.074673905470882570e-04 -7.983710333416751818e-05 9.999998123046855980e-01 -8.123754736222779313e-03
9.999717744947093090e-01 -7.470394838261998002e-03 -8.021314497044264562e-04 6.919237242734170401e+00 7.470475661701080072e-03 9.999720908236423567e-01 9.781196810025493868e-05 5.967547891444519026e-03 8.013783688547181962e-04 -1.038015107805337453e-04 9.999996735089248245e-01 -6.563991889527992854e-03
9.999613766975866680e-01 -8.782898652592612682e-03 -3.252757684245776359e-04 7.139454668154971095e+00 8.782894011992291999e-03 9.999614295194206859e-01 -1.569237673154464670e-05 8.322013557184823954e-03 3.254010469363201839e-04 1.283490804139014632e-05 9.999999469747105074e-01 -7.428683314714639926e-03
9.999614461338334204e-01 -8.776473671334767204e-03 -2.824107450341231283e-04 7.131958603673623998e+00 8.776473642009336232e-03 9.999614860126398996e-01 -1.343148597242726290e-06 5.503939959612928409e-03 2.824116563785589173e-04 -1.135473646340734336e-06 9.999999601211827516e-01 -8.135600069381097865e-03
9.999745964318165203e-01 -7.112263439242862313e-03 -4.713807341741452824e-04 7.328966781234778516e+00 7.112259493497435740e-03 9.999747075121285800e-01 -1.004639623362098554e-05 1.252993828494344992e-02 4.714402643992718443e-04 6.693558917627409699e-06 9.999998888496305360e-01 -7.307155185694192735e-03
9.999587702793860666e-01 -9.079423672226801662e-03 -1.476723341921374287e-04 7.550820583425709387e+00 9.079428201578958885e-03 9.999587806913438071e-01 3.003020749356859038e-05 1.587497993312082106e-02 1.473935902638153948e-04 -3.136974971216073766e-05 9.999999886455340770e-01 -6.762227404493312971e-03
9.999677554159965842e-01 -8.012462614360459784e-03 -5.371881858509254364e-04 7.744242191355697358e+00 8.012493667955141591e-03 9.999678979071812135e-01 5.568046518935945428e-05 1.087690359122725145e-02 5.367248033402421264e-04 -5.998288673355315790e-05 9.999998541642587391e-01 -7.585894398117911178e-03
9.999306594722110475e-01 -9.385398230904343914e-03 7.112703249564308189e-03 7.980708116551922693e+00 9.374547128828424059e-03 9.999548451622753964e-01 1.557402523182390688e-03 2.812505660983312394e-02 -7.126998919489173009e-03 -1.490616160243041872e-03 9.999734916235851756e-01 -2.230097343970240120e-02
9.999489684350660879e-01 -7.278655380720443213e-03 7.005833390528399922e-03 8.185813243806158823e+00 7.270289508146659391e-03 9.999728282691773273e-01 1.218857583980758556e-03 1.273534809154578534e-02 -7.014514674221297187e-03 -1.167860946775834546e-03 9.999747160227072662e-01 -1.988897059486821259e-02
9.999540205767392109e-01 -7.984359203962794471e-03 5.311001837345678996e-03 8.409895172587221523e+00 7.979412245169653639e-03 9.999677108230120570e-01 9.519934907775218572e-04 7.736262026756809268e-03 -5.318431407457572223e-03 -9.095710455708332087e-04 9.999854433779910012e-01 -2.941386921020278794e-02
9.999457780561831211e-01 -8.546823413488995047e-03 5.949181217041876225e-03 8.633848969586203737e+00 8.542110696621092736e-03 9.999631816504563897e-01 8.171219878662316048e-04 1.339894654447118527e-02 -5.955945975345901082e-03 -7.662591174134832702e-04 9.999819696147044246e-01 -2.636551570462762617e-02
9.999658532760971053e-01 -8.220234825278158186e-03 8.485406438900052828e-04 8.852585726440528546e+00 8.219916542837095441e-03 9.999661445077964173e-01 3.779024234434620990e-04 1.887229570360896350e-02 -8.516183627905986190e-04 -3.709145860377654818e-04 9.999995685841739368e-01 -8.606219776463922694e-03
9.999745175877516878e-01 -6.982638961398585954e-03 1.485573383560430394e-03 9.083387030941516116e+00 6.982175150449157659e-03 9.999755740191129672e-01 3.171676434181966864e-04 2.403356159188177466e-02 -1.487751764117584141e-03 -3.067870276586909728e-04 9.999988462375384302e-01 -1.063733537793551745e-02
9.999580757313231150e-01 -9.136838691126056983e-03 6.041179038902061080e-04 9.293962730820812368e+00 9.136453669704672903e-03 9.999580588140313253e-01 6.370456935615086093e-04 2.603890061854039623e-02 -6.099131502098000153e-04 -6.314994906467603008e-04 9.999996146070969649e-01 -1.159120414122298201e-02
9.999582274016842742e-01 -9.122031371533735264e-03 5.761903662570441948e-04 9.295358515180234704e+00 9.121648341120868961e-03 9.999581764897343961e-01 6.639298653537428242e-04 2.248309948255566848e-02 -5.822226570136010458e-04 -6.586463253796292008e-04 9.999996136008232339e-01 -1.252935869851491343e-02
9.999796387812729392e-01 -6.341517056833781245e-03 7.121687249769857817e-04 9.545119787298810721e+00 6.341141984439218303e-03 9.999797555253031600e-01 5.276910916057386738e-04 2.381461685256176103e-02 -7.155006695534101013e-04 -5.231643841700460429e-04 9.999996071788322949e-01 -1.007161749583634740e-02
9.999624345225455180e-01 -8.476185759922656715e-03 -1.812130985072951932e-03 9.782406635372986159e+00 8.476377351489670919e-03 9.999640700588531272e-01 9.807307622270193190e-05 3.929616106484856014e-02 1.811234589701197269e-03 -1.134296981005732401e-04 9.999983532801265396e-01 -1.097029176473364454e-02
9.997113898120290054e-01 -8.035027502264249430e-03 -2.264012838168612957e-02 1.026240824892314052e+01 8.242721685828820546e-03 9.999246629572969836e-01 9.095380637773332541e-03 3.793454634395874298e-02 2.256534110779936930e-02 -9.279371895439468901e-03 9.997023050078032158e-01 -4.084593452251117363e-02
9.997099573218531932e-01 -8.021329289461379131e-03 -2.270813748347587022e-02 1.026012309995312322e+01 8.229706787576476085e-03 9.999247481257016457e-01 9.097802588688596453e-03 3.824694074953848000e-02 2.263345218319402427e-02 -9.282045150841505138e-03 9.997007404619088211e-01 -3.715450728060951113e-02
9.999798163776889570e-01 -5.675503490967860262e-03 -2.855783144340750049e-03 1.055549667536347869e+01 5.690169590425134261e-03 9.999705290402834956e-01 5.153932569178334630e-03 5.662261224316701702e-02 2.826447819382159506e-03 -5.170078434554718425e-03 9.999826405901778292e-01 -2.712425001303497840e-02
9.999400882924921463e-01 -2.448827598612413753e-03 -1.066878948125496267e-02 1.079333149202514619e+01 2.474806447088774390e-03 9.999940033679913798e-01 2.422511322370284135e-03 4.125142129811699976e-02 1.066279319186629569e-02 -2.448769374571346542e-03 9.999401523940808501e-01 -2.343814401805771608e-02
9.999805359911321245e-01 -2.425015618814937643e-03 -5.748646635217035707e-03 1.107200294217057035e+01 2.425387548964669931e-03 9.999970570770158051e-01 5.772819938868133354e-05 3.652060383839397795e-02 5.748489725607561739e-03 -7.166977173894954094e-05 9.999834747281168834e-01 -1.030788031415313943e-02
9.999824161568720005e-01 -1.801433208984644548e-03 -5.649974819243867505e-03 1.133765381966307118e+01 1.798442279862554061e-03 9.999982400060875021e-01 -5.344062998739341347e-04 3.066187422006015975e-02 5.650927572578264349e-03 5.242357493623036116e-04 9.999838959675543260e-01 -1.372578081804189110e-02
9.999795567476431613e-01 -3.462998529615450571e-03 -5.375288640708134752e-03 1.159810620885336618e+01 3.457257462472946262e-03 9.999934437285780131e-01 -1.076972932604266858e-03 4.157306384217036854e-02 5.378982954538879396e-03 1.058367159008790021e-03 9.999849730877616860e-01 -2.298373931958440017e-02
9.999847905338498100e-01 -4.662484748299900936e-03 -2.946173271267246794e-03 1.187946774618680124e+01 4.658945536022210399e-03 9.999884186040114420e-01 -1.207014639850584369e-03 4.467237445697556930e-02 2.951766837817219446e-03 1.193270220991758277e-03 9.999949315765129798e-01 -2.852115066583061492e-02
9.999839960755846358e-01 -5.180709881578491986e-03 -2.273287889388357803e-03 1.215908910827666389e+01 5.175229824005742919e-03 9.999837044898208793e-01 -2.409927609541682395e-03 3.666767904825623398e-02 2.285735980783057744e-03 2.398124253958658966e-03 9.999945121904862955e-01 -2.480993099942942898e-02
9.999858808160813073e-01 -5.283940128630126506e-03 5.640436180720311303e-04 1.244438155716150263e+01 5.286575964025803584e-03 9.999746080216057598e-01 -4.778642758403271219e-03 3.689919691965622139e-02 -5.387792336571528432e-04 4.781557147301245501e-03 9.999884231470804741e-01 -2.156550661914158340e-02
9.999853134865154258e-01 -5.264400890702844622e-03 -1.287980798574953544e-03 1.273468238648162831e+01 5.256931059459404691e-03 9.999697317655327211e-01 -5.735872087546821721e-03 2.176143541146773053e-02 1.318137743796791777e-03 5.729017021320045866e-03 9.999827202891347078e-01 -2.147238472527464997e-02
9.999866075741695726e-01 -5.099059568145910062e-03 8.855867118871934554e-04 1.301598467980835494e+01 5.104418223488791165e-03 9.999680117283897829e-01 -6.157957012720901950e-03 2.899978272290121978e-02 -8.541585938729735197e-04 6.162394947688978365e-03 9.999806474635423159e-01 -2.244805674611465712e-02
9.999841592268245982e-01 -5.461483707510985178e-03 -1.361429812079023539e-03 1.329828727801093180e+01 5.451937090838621797e-03 9.999611944940538510e-01 -6.919963004418197040e-03 3.652049909444579634e-02 1.399170246311564605e-03 6.912430957164815946e-03 9.999751300011837651e-01 -2.850027476760542966e-02
9.999834944355147082e-01 -5.668705940915870836e-03 9.362849418819833326e-04 1.360282012317488665e+01 5.675100212396007662e-03 9.999595767402407187e-01 -6.974103745857920290e-03 4.071330225687440352e-02 -8.967129508558604415e-04 6.979302145211353954e-03 9.999752423172534321e-01 -2.770160260719319034e-02
9.999839740922598086e-01 -5.599285616112750948e-03 -8.363965805079548498e-04 1.389417238961171108e+01 5.592855478223686221e-03 9.999562192016131501e-01 -7.501976247299793100e-03 3.688562319903834069e-02 8.783656700918175209e-04 7.497178176123323566e-03 9.999715099907322546e-01 -2.906323204213418984e-02
9.999855927644931697e-01 -5.279463781004078114e-03 9.703224362982561203e-04 1.420757950559516480e+01 5.286513114737254916e-03 9.999585571489865155e-01 -7.411933864033502621e-03 4.395561386518102159e-02 -9.311511869877310337e-04 7.416956700841776697e-03 9.999720604650735867e-01 -2.820253057680802145e-02
9.999851856852380871e-01 -5.394510468429638758e-03 -7.264068185248083410e-04 1.450398345858558713e+01 5.388757409615625368e-03 9.999558215672806893e-01 -7.701701583740454445e-03 3.657575825332062130e-02 7.679216368282583893e-04 7.697673058183270196e-03 9.999700776152499193e-01 -3.125621610629100017e-02
9.999837902142291179e-01 -5.487270961304132472e-03 1.519594084529338803e-03 1.483898071722147272e+01 5.498608307807286918e-03 9.999563056617288836e-01 -7.559899075003863496e-03 4.554379791002466371e-02 -1.478044472206715976e-03 7.568132183317096730e-03 9.999702689379289522e-01 -3.511101464520610671e-02
9.999854836799813018e-01 -5.384392658303276472e-03 -2.018539449499759538e-04 1.514438720390174886e+01 5.382726164706709213e-03 9.999573475019043478e-01 -7.505293864428338492e-03 4.056038741313221230e-02 2.422567845570099544e-04 7.504098390669836603e-03 9.999718145122858948e-01 -3.620275670885655245e-02
9.999843717416904143e-01 -5.309557292247394159e-03 1.750678079200967486e-03 1.545675125587148635e+01 5.321783724723383804e-03 9.999609538632493466e-01 -7.054740738529930236e-03 4.480322709485391047e-02 -1.713152171852104283e-03 7.063947215328483450e-03 9.999735825307461967e-01 -4.446662933296370579e-02
9.999855230249281579e-01 -5.379062739479000162e-03 1.393721835181640644e-04 1.577341710989444579e+01 5.379873893904174066e-03 9.999632085834718742e-01 -6.681200216540503396e-03 5.385421060164994472e-02 -1.034284606783157661e-04 6.681853297743164076e-03 9.999776708202343656e-01 -3.838488379666522843e-02
9.999833483223040664e-01 -5.329594902951344769e-03 2.213254681204499062e-03 1.611310130526899798e+01 5.342933450941385158e-03 9.999673330876989175e-01 -6.065131458913213501e-03 5.637824397268088872e-02 -2.180857687298774338e-03 6.076855736770635751e-03 9.999791576248487912e-01 -4.306704561667092090e-02
9.999854937979544278e-01 -5.344889659953282364e-03 -6.665944675614703975e-04 1.643283376064535872e+01 5.340714673788794602e-03 9.999670405851542876e-01 -6.115105080181951376e-03 5.515665036350106409e-02 6.992570589104724239e-04 6.111456282377756948e-03 9.999810803918612878e-01 -4.055612767792780154e-02
9.999856436162822826e-01 -5.324588546313635713e-03 6.010974480897103914e-04 1.677296746002459571e+01 5.327993063481009130e-03 9.999689165269929347e-01 -5.811924788508155901e-03 5.273636761684159791e-02 -5.701326557324812219e-04 5.815043993319651133e-03 9.999829299603621990e-01 -4.223386703732355529e-02
9.999842495989810232e-01 -5.196585092430601460e-03 -2.120390846032929686e-03 1.709633182195974399e+01 5.185759823082395498e-03 9.999736541065601392e-01 -5.079270403407530783e-03 6.071277500263329990e-02 2.146729843300420378e-03 5.068194565203204376e-03 9.999848523626890806e-01 -4.509011471586295283e-02
9.999855413360174694e-01 -5.288496536889289272e-03 -9.741269379867861875e-04 1.745129589962057892e+01 5.283765686319376494e-03 9.999745364779063506e-01 -4.796688020743058653e-03 5.620096443932091901e-02 9.994694012702167157e-04 4.791471608553683412e-03 9.999880213586263000e-01 -4.977869461244605054e-02
9.999795817529579800e-01 -5.281804751764554440e-03 -3.597028738212373553e-03 1.779382190499813277e+01 5.266276022163207324e-03 9.999768320305553182e-01 -4.312973335533554393e-03 5.858792684435042142e-02 3.619725685418329585e-03 4.293942325983423659e-03 9.999842296982804912e-01 -5.487218692135037434e-02
9.999751249595492109e-01 -6.602702126169970528e-03 -2.480682721949882801e-03 1.813762504104704831e+01 6.592133539675096299e-03 9.999692629085074058e-01 -4.244645286884577741e-03 6.767005089632478765e-02 2.508632601438644336e-03 4.228186709388708463e-03 9.999879145267814851e-01 -5.106108418387274306e-02
9.999206961457287601e-01 -1.153981249562815482e-02 -5.043227836113628806e-03 1.848686954938759541e+01 1.151561480421824622e-02 9.999221672763931590e-01 -4.801042070389311724e-03 7.122963644162404184e-02 5.098238433231289113e-03 4.742585460118016287e-03 9.999757576301694373e-01 -5.375189161862525822e-02
9.998255484736067178e-01 -1.853185350355697827e-02 -2.333029184180934312e-03 1.883913595062642443e+01 1.851941537785150790e-02 9.998147456546148115e-01 -5.244580599094088996e-03 8.778595142032351306e-02 2.429788779736663257e-03 5.200459337452787226e-03 9.999835255388787036e-01 -5.028791190764200780e-02
9.995388525566984983e-01 -3.010903957044958057e-02 -3.940553994519632730e-03 1.920193150293550843e+01 3.008209149213723899e-02 9.995247877642291501e-01 -6.728032129184866907e-03 8.805653885074665732e-02 4.141255980654604332e-03 6.606389408577196219e-03 9.999696023469337725e-01 -4.461505044640162038e-02
9.992231094677416214e-01 -3.937179161892895990e-02 -1.743424886027235450e-03 1.957080153708683667e+01 3.935681334157176831e-02 9.991938092205112643e-01 -7.922932474858118690e-03 1.203862986028031712e-01 2.053959399370348157e-03 7.848161575816255120e-03 9.999670932639062038e-01 -4.758887717819182406e-02
9.990027320058195714e-01 -4.454474702034948164e-02 -3.050730699644250282e-03 1.991404852814388349e+01 4.451888243970272829e-02 9.989758854585265579e-01 -8.077708751425759573e-03 1.320698508025031082e-01 3.407425894808948676e-03 7.933837989648995573e-03 9.999627211369058744e-01 -4.841335527154684570e-02
9.988882080149650289e-01 -4.713309885644116626e-02 -9.049203505785046245e-04 2.028876615165362551e+01 4.712451933708172724e-02 9.988578625618375062e-01 -7.889871712925463146e-03 1.408373711190991640e-01 1.275760910577508275e-03 7.838455880232722897e-03 9.999684650245289630e-01 -4.839421446437547347e-02
9.988059668366026100e-01 -4.878937135572235934e-02 -2.497569681275457320e-03 2.065530709054414160e+01 4.876796000887579502e-02 9.987779703740348181e-01 -8.015732785985456646e-03 1.674154485157971495e-01 2.885600140715709801e-03 7.884360356874236739e-03 9.999647544656715681e-01 -4.794794625199839955e-02
9.987816855679844119e-01 -4.933656964824330304e-02 -1.023459486282448337e-03 2.101914295524175103e+01 4.932712326628441168e-02 9.987522294602007022e-01 -7.798657483915720501e-03 1.909008518610779970e-01 1.406941451804788988e-03 7.738671954714816670e-03 9.999690662576160571e-01 -4.819455182897550150e-02
9.987848419489607776e-01 -4.927314151596989822e-02 -9.985079551738454406e-04 2.101083200671232376e+01 4.926380455451009888e-02 9.987548697304878820e-01 -7.860518459446342449e-03 1.924498029179167180e-01 1.384577121135703148e-03 7.801776386405195884e-03 9.999686071229496598e-01 -4.850937942184013751e-02
9.987606703416500586e-01 -4.976688761388167737e-02 -6.166651644070734236e-04 2.179235052773356429e+01 4.976049288167291862e-02 9.987300481567548127e-01 -7.885699523775106107e-03 2.076031080622793845e-01 1.008328751301425545e-03 7.845240979954603427e-03 9.999687172442424110e-01 -5.314502001893205152e-02
9.987613528891643444e-01 -4.972713241109377735e-02 -1.724029343044290426e-03 2.215868662882103379e+01 4.971087109254537784e-02 9.987278655158692287e-01 -8.454580849231474807e-03 2.284695639568522230e-01 2.142258207235381816e-03 8.358405606657405909e-03 9.999627731998267377e-01 -5.623119618418664228e-02
9.987433072546877399e-01 -5.011401244459283422e-02 6.260756116650193328e-04 2.255474244812891982e+01 5.011734647115954899e-02 9.987138096877657967e-01 -7.679708434494666308e-03 2.540592015436072826e-01 -2.404093552214595011e-04 7.701434648965882826e-03 9.999703146132337128e-01 -5.788268368290395982e-02
9.987414713860582882e-01 -5.015148519457501841e-02 -5.494236886864894021e-04 2.292803040674224846e+01 5.014605173402821026e-02 9.987144221039623293e-01 -7.407872639069891865e-03 2.769622532340711984e-01 9.202331767183657540e-04 7.370998190668413483e-03 9.999724103976936895e-01 -6.204631484789072116e-02
9.987416123349135422e-01 -5.014868051519742048e-02 -5.492114729670468992e-04 2.292542985767369856e+01 5.014321477942918631e-02 9.987142907082956489e-01 -7.444699228980561009e-03 2.762162535830890997e-01 9.218471898390251948e-04 7.407791682452220111e-03 9.999721370219012417e-01 -6.210388164349882334e-02
9.987457479098399427e-01 -5.006870539591856684e-02 2.361609431934130364e-04 2.372463988419499259e+01 5.006913796297157715e-02 9.987216435946887350e-01 -6.939743451193858270e-03 3.244920520256053265e-01 1.116049250420831051e-04 6.942863638311241176e-03 9.999758918038177402e-01 -6.512800866515265630e-02
9.987556905364438631e-01 -4.981903889927897372e-02 2.265829698668091717e-03 2.412162469328556469e+01 4.983252338392491626e-02 9.987374313779051604e-01 -6.345295726348111794e-03 3.435387243006300384e-01 -1.946852398569177446e-03 6.450312226269623410e-03 9.999773013613467709e-01 -7.409001100351395031e-02
9.987440509448499704e-01 -5.007578741899727792e-02 -1.654151334771048962e-03 2.451031225562498861e+01 5.006466397843779836e-02 9.987267764920816360e-01 -6.193168693137765697e-03 3.456185119329484579e-01 1.962173029333519770e-03 6.102575858024437798e-03 9.999794540113812191e-01 -6.602934700867964246e-02
9.987539995149621319e-01 -4.990360625408587353e-02 -2.802422240723679648e-04 2.491490324103457255e+01 4.990132200218688058e-02 9.987390883813599407e-01 -5.485563016145516071e-03 3.732009449126386103e-01 5.536382402357031439e-04 5.464743544504649039e-03 9.999849149175660257e-01 -6.949377005673049168e-02
9.987541129865681322e-01 -4.984437288582638237e-02 -2.400059172655795870e-03 2.532143759177793285e+01 4.983242686371172625e-02 9.987460413466648923e-01 -4.803553605281292438e-03 3.985683294866274040e-01 2.636479714766424166e-03 4.677968147036198551e-03 9.999855826904350264e-01 -7.052235095363319772e-02
9.987525562575358951e-01 -4.991793554614606943e-02 -1.237368113543885206e-03 2.573902073367693077e+01 4.991193001476398883e-02 9.987435557394724883e-01 -4.484318351370364386e-03 4.243815770009365940e-01 1.459661343911569046e-03 4.416964985818026823e-03 9.999891798459996650e-01 -7.238547695763292156e-02
9.987467129671672161e-01 -4.994935527844402562e-02 -3.172576956771190355e-03 2.614594402318622457e+01 4.993726983834063243e-02 9.987452002286191233e-01 -3.780754076664313672e-03 4.330186712950545025e-01 3.357442236526877056e-03 3.617585875032516482e-03 9.999878202528594828e-01 -7.878616530893510495e-02
9.987579855895853953e-01 -4.978318610288675478e-02 -2.029926717605262578e-03 2.655971200997258208e+01 4.977527623446707100e-02 9.987533012945372102e-01 -3.776907338810159970e-03 4.685150309116996037e-01 2.215422491535584248e-03 3.671176202364030000e-03 9.999908071419832956e-01 -8.274313683085113280e-02
9.987526455333591846e-01 -4.990774735953948382e-02 -1.539413398867092025e-03 2.698512967514094640e+01 4.990361854797838170e-02 9.987506199306557253e-01 -2.613052611175004526e-03 4.917038213152350457e-01 1.667901656003772850e-03 2.532970909284177740e-03 9.999954010706442187e-01 -7.818778923551504556e-02
9.987526618857450744e-01 -4.991438557616096477e-02 -1.294020360345404883e-03 2.740755902003463973e+01 4.991141624449745712e-02 9.987511511468101233e-01 -2.233519955188558240e-03 5.129354364022358226e-01 1.403889100737714356e-03 2.166147611785448034e-03 9.999966684444087095e-01 -7.692567856991211483e-02
9.987612756543882142e-01 -4.972129748396642707e-02 -1.925312891491055877e-03 2.782448237056669882e+01 4.971771755164518941e-02 9.987615689218308779e-01 -1.864673230803099357e-03 5.339360305938031237e-01 2.015642496590183252e-03 1.766641252137799356e-03 9.999964080755551210e-01 -8.072697899885446227e-02
9.987528884761329717e-01 -4.991285505652249405e-02 -1.172459247721727724e-03 2.826070343085031311e+01 4.991120928531472128e-02 9.987526869691616405e-01 -1.393362679729122583e-03 5.514864431183187365e-01 1.240543533498405160e-03 1.333106142182764612e-03 9.999983419385030103e-01 -7.830512612556969620e-02
9.987652225732215339e-01 -4.963764588604849953e-02 -2.033295146939464570e-03 2.868056231793218913e+01 4.963564727313553998e-02 9.987668687960166158e-01 -1.021917402462636359e-03 5.752788439540822418e-01 2.081513401395096528e-03 9.197316412063778366e-04 9.999974106944817809e-01 -8.586986463779477941e-02
9.986950581338902566e-01 -5.106003500290994673e-02 -1.026491328359814201e-03 2.912782881499742871e+01 5.105858671517665009e-02 9.986946912553220645e-01 -1.390820292403721105e-03 6.010202467973357887e-01 1.096166773065461453e-03 1.336594156274492021e-03 9.999985059661175013e-01 -7.937282699267260433e-02
9.984757806097742661e-01 -5.518151375449434348e-02 -1.056444728567867844e-03 2.955588901791013257e+01 5.518010972220496746e-02 9.984755511537978245e-01 -1.315005385942604431e-03 6.276091133804067024e-01 1.127398220411952303e-03 1.254706293197279353e-03 9.999985773416731893e-01 -8.336703924256236298e-02
9.980678320173738127e-01 -6.213245509997580851e-02 -4.008932386120763174e-04 3.000007833378254318e+01 6.213155572808644334e-02 9.980660410330027821e-01 -1.961509499379551769e-03 6.625295803270420114e-01 5.219913284368300028e-04 1.932811412931394364e-03 9.999979958805392810e-01 -7.822430755034812111e-02
9.977335931031484639e-01 -6.728651349626939282e-02 -4.497721615840019594e-04 3.042796091875915110e+01 6.728521725652002183e-02 9.977307671917561294e-01 -2.452700082072710973e-03 7.011323793160346707e-01 6.137851610133872402e-04 2.416878248082678440e-03 9.999968909788220506e-01 -8.231696736900878664e-02
9.975316227928493484e-01 -7.021828338700508709e-02 2.328227798361814037e-04 3.085939302091433234e+01 7.021864804277935801e-02 9.975284207697913130e-01 -2.528086938864143249e-03 7.238849413186244641e-01 -5.472941478907026225e-05 2.538195167520213881e-03 9.999967772797984100e-01 -8.364482578810272795e-02
9.973414147683334896e-01 -7.286964169057041918e-02 3.430856845612721695e-04 3.171350242777770134e+01 7.287035092887639287e-02 9.973367517665638893e-01 -3.052135518247663624e-03 7.777556789751466360e-01 -1.197639406121764436e-04 3.069021930066459514e-03 9.999952833693723786e-01 -9.173464180831079895e-02
9.972967288973074718e-01 -7.347802848165801981e-02 -4.624512721629996104e-04 3.215388563310757775e+01 7.347651449057290840e-02 9.972932566904120222e-01 -2.713296546359336703e-03 7.987119131231680269e-01 6.605672161886376632e-04 2.671982462612259093e-03 9.999962120731620274e-01 -9.112950116683600499e-02
9.972728146397830118e-01 -7.380328355186063782e-02 9.228980787317125683e-05 3.259786371023298557e+01 7.380327606883224645e-02 9.972694920734951340e-01 -2.576164005021294723e-03 8.442739357423929558e-01 9.809155271744558996e-05 2.575949618430085908e-03 9.999966774252855295e-01 -8.334157515502360614e-02
9.972660506250897727e-01 -7.388637016849654293e-02 -1.108410555625671768e-03 3.304268847886993399e+01 7.388327158770251202e-02 9.972634661202349760e-01 -2.615591969861632855e-03 8.618272984663606362e-01 1.298633949082456497e-03 2.526548075718641848e-03 9.999959650442032943e-01 -9.233022061224173405e-02
9.972551339240496304e-01 -7.404164466607389417e-02 -1.808791548883403270e-04 3.349401983664822069e+01 7.404083912028118497e-02 9.972511962758997539e-01 -2.829429032787072161e-03 9.034532129696543068e-01 3.898775326472646817e-04 2.808270184613366124e-03 9.999959807989629024e-01 -9.599707722772424234e-02
9.972664006050102614e-01 -7.387894765621351445e-02 -1.275663567593247156e-03 3.393709827965155057e+01 7.387546441470720093e-02 9.972641101905094230e-01 -2.590421479741421805e-03 9.396333307552701131e-01 1.463551105547678021e-03 2.489100066658758541e-03 9.999958311908203612e-01 -9.750252027340798600e-02
9.972485534250772332e-01 -7.412914299582344657e-02 -4.391472369023726938e-04 3.441070656331056909e+01 7.412774188182448543e-02 9.972452858102961448e-01 -2.630173500410749703e-03 9.685595388202583589e-01 6.329100192932824494e-04 2.590383725516376065e-03 9.999964446622108261e-01 -9.819446948489241045e-02
