1.000000000000000000e+00 0.000000000000000000e+00 0.000000000000000000e+00 0.000000000000000000e+00 0.000000000000000000e+00 1.000000000000000000e+00 0.000000000000000000e+00 0.000000000000000000e+00 0.000000000000000000e+00 0.000000000000000000e+00 1.000000000000000000e+00 0.000000000000000000e+00
9.999998205529215811e-01 5.827298518263446334e-04 -1.389965622705865989e-04 3.296015887904180097e-02 -5.827039618142384504e-04 9.999998128869405090e-01 1.862315142282217170e-04 5.487507277500828715e-03 1.391050589252061762e-04 -1.861504869620069576e-04 9.999999729988889863e-01 3.992064499331400042e-03
9.999998358898483097e-01 -1.784496335566967550e-04 5.444042658147598118e-04 5.926163362244636357e-01 1.783999525525702796e-04 9.999999799184491334e-01 9.130475447320262792e-05 1.092075777808483236e-02 -5.444205481822555516e-04 -9.120761779397475991e-05 9.999998476437069739e-01 5.755419862947022333e-03
9.999995068818668953e-01 7.117110582165861368e-04 6.926062321035856076e-04 1.049520527290113581e+00 -7.116714985943922104e-04 9.999997451166171558e-01 -5.736182429638707656e-05 7.549099461263586441e-03 -6.926468806144373772e-04 5.686888789509439429e-05 9.999997585030849789e-01 7.374889477683662514e-03
9.999998184529045320e-01 6.025728796748728786e-04 2.876132390739953849e-07 1.383925422518309301e+00 -6.025729280016557752e-04 9.999997947669487797e-01 2.176509288423111757e-04 -9.680786684895834743e-03 -1.564626330898304993e-07 -2.176510626363688228e-04 9.999999763139949538e-01 6.875664959044413410e-04
9.999992379668313225e-01 -1.001550875062635340e-03 7.217766977077023048e-04 1.516634817671601798e+00 1.001389512286893343e-03 9.999994735460138173e-01 2.238900172695664729e-04 3.555401198545506125e-03 -7.220005549681968171e-04 -2.231670670426495892e-04 9.999997144557886131e-01 1.020197924572366008e-02
9.999997262757321925e-01 -6.455943950974090935e-04 3.614641583196014410e-04 1.870010390180857129e+00 6.455229802697024779e-04 9.999997721167004361e-01 1.976527995555809887e-04 8.304602608725019514e-03 -3.615916794875247598e-04 -1.974194120324739780e-04 9.999999151385129403e-01 3.627039428639722979e-03
9.999987176227091989e-01 1.371074733219178419e-03 8.275910905302572527e-04 2.003914678350321665e+00 -1.371274192422705825e-03 9.999990308847561682e-01 2.404924900056392551e-04 -6.530819181006248392e-03 -8.272605553225401403e-04 -2.416270359078545799e-04 9.999996286281056523e-01 1.114484715220469269e-02
9.999986546625367900e-01 -1.530164741796212220e-03 5.909898302256989420e-04 2.016748619318565972e+00 1.530058645428552123e-03 9.999988132715179612e-01 1.799335916738249383e-04 9.694229356923662888e-03 -5.912644569190788355e-04 -1.790291005033259949e-04 9.999998091774433551e-01 1.076630593471746694e-02
9.999697580216018178e-01 -7.757395844153849515e-03 5.530388198524234175e-04 2.505695666876992522e+00 7.757336020203014701e-03 9.999699053400704640e-01 1.102362928749251781e-04 1.793102293769702205e-02 -5.538773228974350638e-04 -1.059428511535256002e-04 9.999998409979991010e-01 1.167983365575025329e-02
9.998985729443915504e-01 -1.422795578368025310e-02 6.396076820432768269e-04 3.051168033396275181e+00 1.422802844554786963e-02 9.998987705175464979e-01 -1.091973057628186337e-04 1.393326713878711987e-02 -6.379892804505599580e-04 1.182865864957174148e-04 9.999997894889586236e-01 9.874952777929650594e-03
9.999122111671191471e-01 -1.323624950981893214e-02 6.096374302796489378e-04 3.305879581439110648e+00 1.323639228925095959e-02 9.999123684931279232e-01 -2.307674763609178557e-04 1.761076959438945266e-02 -6.065295109371236304e-04 2.388166177348935773e-04 9.999997875442651063e-01 4.177756169911897403e-03
9.998678183423594934e-01 -1.623774229786402457e-02 8.255715344859979824e-04 3.537828867275984557e+00 1.623772196848850130e-02 9.998681590110864992e-01 3.132179135278933527e-05 3.388061444612028988e-02 -8.259712854947667132e-04 -1.791225014440600322e-05 9.999996587252352187e-01 1.077576782613159923e-02
9.999129802900689201e-01 -1.317775545317235834e-02 6.153118304382566850e-04 3.747931975722359699e+00 1.317770845002217729e-02 9.999131669994537619e-01 8.038114684104964312e-05 2.867709269780197370e-02 -6.163176441618650313e-04 -7.226575218960278621e-05 9.999998074650927604e-01 5.894960306058618857e-03
9.999280979053060125e-01 -1.198159434154296571e-02 4.903228644027663374e-04 3.835939859628566762e+00 1.198155423950023057e-02 9.999282150202452035e-01 8.464296898836831087e-05 4.214813143699992770e-02 -4.913018243041543170e-04 -7.876205298688805949e-05 9.999998762095205773e-01 4.791676827869852454e-03
9.998549998304010478e-01 -1.700874233405209185e-02 8.258319215447371825e-04 4.031605239505237748e+00 1.700842625228664307e-02 9.998552708680669143e-01 3.882702218175836367e-04 5.070249412476324213e-02 -8.323163877664899700e-04 -3.741678212351920571e-04 9.999995836238494418e-01 1.208644754146663905e-02
9.998341014921856562e-01 -1.819609434561962960e-02 8.195388210400770439e-04 4.278228307347007764e+00 1.819612322380923311e-02 9.998344364579131449e-01 -2.779408392607408989e-05 4.846045076771918203e-02 -8.188973915166190007e-04 4.270190230336527428e-05 9.999996637917483167e-01 9.421193155231976160e-03
9.995281376308225996e-01 -3.070426431825628091e-02 8.661621869220445394e-04 4.428162346817572370e+00 3.070435650184729151e-02 9.995285057373757276e-01 -9.332853980048778138e-05 4.531097932983137178e-02 -8.628882122659375974e-04 1.198794541502598066e-04 9.999996205263528282e-01 1.118639030537557991e-02
9.994936814861244967e-01 -3.180885098472383682e-02 7.600449625689379438e-04 4.662098517184672275e+00 3.180922995358217292e-02 9.994938373930783992e-01 -4.918363738095868527e-04 5.863073746627552041e-02 -7.440155063059304468e-04 5.157637929371467443e-04 9.999995902142341242e-01 5.686355148118464251e-03
9.992919432892480858e-01 -3.761571798242609871e-02 8.184362313339821034e-04 4.864686742417583254e+00 3.761602138791863420e-02 9.992922027077408842e-01 -3.585281786607856492e-04 9.604952290787764635e-02 -8.043706495283001754e-04 3.890606351603978475e-04 9.999996008097604694e-01 4.989379555446241468e-03
9.992923875005801371e-01 -3.760236644143882118e-02 8.867476495918470139e-04 5.309516289310306725e+00 3.760253704572482508e-02 9.992927589315948600e-01 -1.765066749525139034e-04 9.953975658744354527e-02 -8.794834365658195418e-04 2.097257379670733161e-04 9.999995912619162874e-01 4.632966346278474291e-03
9.993980011967092958e-01 -3.468457794914148185e-02 7.843828862629628924e-04 5.507291377875319860e+00 3.468484585811383580e-02 9.993982450425766828e-01 -3.305656013458893746e-04 9.229524581002697403e-02 -7.724453516054496927e-04 3.575728007532434009e-04 9.999996377348698839e-01 4.471569049325515785e-03
9.992486606632231538e-01 -3.874866738290520807e-02 8.092828947767667126e-04 5.739008521905021531e+00 3.874860132317901884e-02 9.992489862174701587e-01 9.715377239050792646e-05 1.240298034959855245e-01 -8.124396913801780213e-04 -6.572219669222151620e-05 9.999996678111151560e-01 5.084496861973273121e-03
9.994085333085073186e-01 -3.438054882405933849e-02 7.492747792222233900e-04 5.944475506032143919e+00 3.438072366438050392e-02 9.994087835707938794e-01 -2.217247380900677362e-04 1.167538137144249200e-01 -7.412087774793500337e-04 2.473542044259364960e-04 9.999996947126762459e-01 2.203098196902445426e-03
9.993371033492356448e-01 -3.640054344434393713e-02 5.952365207358915455e-04 6.199721108378510870e+00 3.640062338043998508e-02 9.993372700137614917e-01 -1.240119260120144259e-04 1.472636402313988180e-01 -5.903279381442784902e-04 1.455966993351968822e-04 9.999998151572462302e-01 -1.057277818786665118e-03
9.993060575165267911e-01 -3.724463818896903144e-02 4.902417248864175854e-04 6.606602741691498082e+00 3.724469689500548020e-02 9.993061693971772019e-01 -1.111662690572411263e-04 1.471308788637292753e-01 -4.857612327050562064e-04 1.293480305090923725e-04 9.999998736525479437e-01 -2.648433507543791234e-03
9.993760430907102643e-01 -3.530190617175985729e-02 1.140139024440453650e-03 6.813804457514724966e+00 3.530211048755377973e-02 9.993766734980616961e-01 -1.595715299652039989e-04 1.619096846116098720e-01 -1.133795166392110101e-03 1.997212780185249575e-04 9.999993373097463278e-01 2.814288145300759131e-03
9.993759008664955257e-01 -3.531697527485850446e-02 7.211273919706006263e-04 7.262814850725654914e+00 3.531702532546861922e-02 9.993761576590988183e-01 -5.678640974027529331e-05 1.770258319817696879e-01 -7.186719979415603790e-04 8.221904375627640035e-05 9.999997383752599056e-01 -4.400210496214116557e-04
9.992380416872482796e-01 -3.901747883590647031e-02 9.860985360228310785e-04 7.520263430658023829e+00 3.901760652688295722e-02 9.992385171484658990e-01 -1.105796016311889050e-04 1.702043312964545696e-01 -9.810331016313991216e-04 1.489705492597793741e-04 9.999995076907932656e-01 -2.348853725582413302e-03
9.989995340966111304e-01 -4.471206496008987841e-02 8.729958525353849518e-04 7.708613956217233110e+00 4.471224097123972785e-02 9.989998908739108341e-01 -1.831426878340075678e-04 1.883203084233484870e-01 -8.639340736608266914e-04 2.219930607448296312e-04 9.999996021684195435e-01 4.313317956014829906e-04
9.986579834862024940e-01 -5.178201424795742663e-02 9.246727507830026886e-04 7.913503262081190037e+00 5.178240397025967584e-02 9.986583102070138995e-01 -4.026084108843822821e-04 2.124903023265229951e-01 -9.025842523226622251e-04 4.499498816697183510e-04 9.999994914432563942e-01 1.446388637013787479e-04
9.978094696137275177e-01 -6.614977894637494304e-02 6.849047506864770242e-04 8.140278549997306712e+00 6.615043609249673939e-02 9.978091740263881348e-01 -9.859176180727238607e-04 2.228187057834279394e-01 -6.181860110743757439e-04 1.029064683511707410e-03 9.999992794357068782e-01 -6.945420960929042827e-04
9.972368387165577719e-01 -7.428646937444709220e-02 4.560421970287610724e-04 8.346316040866073038e+00 7.428682698291046160e-02 9.972365751625846819e-01 -8.249210930788334305e-04 2.437585074208528657e-01 -3.935014831772461370e-04 8.565196308401251766e-04 9.999995557652536782e-01 -9.345755311980321646e-04
9.969748467195636010e-01 -7.772486731370077673e-02 3.093592790652552289e-06 8.830700275152349121e+00 7.772485360332186122e-02 9.969746455836394627e-01 -6.349769433936723042e-04 3.101351277973424803e-01 4.626926509649153889e-05 6.332964898571252299e-04 9.999997983973352156e-01 -5.651995816011848306e-03
9.966851756296735143e-01 -8.135510371685013287e-02 8.820015553663327159e-05 9.043252003879741707e+00 8.135513337734721906e-02 9.966850917224304718e-01 -4.125668483241640150e-04 3.077793438626168498e-01 -5.434336137541561940e-05 4.183747970985358337e-04 9.999999110046601247e-01 -6.307879465003916192e-03
9.968116514714693288e-01 -7.978971121038432035e-02 -3.653432433950836171e-04 9.317085328080192852e+00 7.978955980571429685e-02 9.968116454856558173e-01 -4.117890108872632833e-04 3.487575864866785946e-01 3.970349258740243068e-04 3.813255074318500776e-04 9.999998484770510343e-01 -8.675159569219914255e-03
9.967176614695584247e-01 -8.095283299410029054e-02 -7.363048852475887916e-04 9.566669512654049967e+00 8.095258711539775331e-02 9.967178891573388322e-01 -3.578729702077201717e-04 3.599731966097241553e-01 7.628590817905415251e-04 2.970925246021054026e-04 9.999996648909704744e-01 -6.416176380906359403e-03
9.968976196819507862e-01 -7.870848305755799579e-02 -3.325165238457298547e-04 9.812668285626280351e+00 7.870838418137147963e-02 9.968976376004874407e-01 -3.006761127977022148e-04 3.871969617297021382e-01 3.551506978148845839e-04 2.735714628377472002e-04 9.999998995133132507e-01 -8.901353165180668492e-03
9.967494459624336445e-01 -8.055433508070780624e-02 -1.241399728770352894e-03 1.007201679029364882e+01 8.055436018675143917e-02 9.967502165358311794e-01 -2.984420870455502923e-05 4.044201840030730022e-01 1.239769528847576782e-03 -7.025296239565007473e-05 9.999992290177210919e-01 -3.418406989701968518e-03
9.968455465160279694e-01 -7.935751627636032646e-02 -1.158016238577145446e-03 1.060992664725050538e+01 7.935760943552870594e-02 9.968462111199158926e-01 3.464889950476522597e-05 4.439601008858702902e-01 1.151614449234556695e-03 -1.264370015440117946e-04 9.999993288986972484e-01 -8.075059737832138151e-03
9.974027073215709915e-01 -7.200996559439788725e-02 -1.550574955989351359e-03 1.086436020965682481e+01 7.201038164453375801e-02 9.974038595732799273e-01 2.141114976035297078e-04 4.548639576317914934e-01 1.531131284085652383e-03 -3.252128817276858891e-04 9.999987749360358391e-01 -7.370384747619217192e-03
9.979403413863209282e-01 -6.412433726969535286e-02 -1.773246591866611084e-03 1.114650311607103816e+01 6.412606303580031808e-02 9.979413687988449855e-01 9.340660663452629402e-04 4.833653390790322302e-01 1.709699763634751424e-03 -1.045853531854025898e-03 9.999979915565371247e-01 -1.082115722525740266e-02
9.987202210842150985e-01 -5.055398376223492474e-02 -1.488194632516561455e-03 1.145220628272672236e+01 5.055631150658200512e-02 9.987199773485927468e-01 1.570417675597052644e-03 4.830802257158246515e-01 1.406898840005177355e-03 -1.643645519590778174e-03 9.999976595297910276e-01 -1.313686207767085154e-02
9.990609096869286221e-01 -4.329064840109587975e-02 -1.794016872626133735e-03 1.169500936774103650e+01 4.329406036566438298e-02 9.990605491817208250e-01 1.908770749082000159e-03 4.778603173862712161e-01 1.709699558630333035e-03 -1.984648515742159797e-03 9.999965690429583054e-01 -9.617864269413663528e-03
9.993079903078094794e-01 -3.714250473726970342e-02 -1.993702286937414341e-03 1.198750170408894000e+01 3.714611213440228293e-02 9.993082168237646945e-01 1.803924002305442231e-03 4.768390229600953378e-01 1.925320821435584596e-03 -1.876733958125063233e-03 9.999963854981601674e-01 -1.428198938666040696e-02
9.994246711311225440e-01 -3.384049418729732916e-02 -2.268851605343911830e-03 1.256258982785185907e+01 3.384474426723046991e-02 9.994253684843020791e-01 1.861750655392970053e-03 5.031712945305866214e-01 2.204545289475016469e-03 -1.937468238857431146e-03 9.999956930891702456e-01 -1.003267238655754755e-02
9.993725561530204526e-01 -3.534557524760390673e-02 -2.276909878335481308e-03 1.281654591065970017e+01 3.535047067247740898e-02 9.993726707460103276e-01 2.146902238272420035e-03 5.218143970523392294e-01 2.199598011547996591e-03 -2.226045013550921950e-03 9.999951032341034551e-01 -1.289366183407410216e-02
9.994316837837606826e-01 -3.362638348738704319e-02 -2.361309534157815439e-03 1.314202842148645267e+01 3.363044289549492472e-02 9.994328891611024002e-01 1.700991988379013404e-03 5.255948105769928658e-01 2.302772201016796329e-03 -1.779437172495406446e-03 9.999957654128037721e-01 -1.484547726140984444e-02
9.993846476795661404e-01 -3.498617815877298753e-02 -2.508649085087328624e-03 1.344464062522547820e+01 3.499071085215388344e-02 9.993860412059784037e-01 1.786280130136459667e-03 5.349343763406597674e-01 2.444613763045994440e-03 -1.872960353279246471e-03 9.999952579302886502e-01 -1.189831657950734742e-02
9.994421085765010648e-01 -3.331205396654042528e-02 -2.403885331657803787e-03 1.376051018449405383e+01 3.331631570365004014e-02 9.994433163692074684e-01 1.755127589345560190e-03 5.500027719872184750e-01 2.344080223068924131e-03 -1.834237021341202957e-03 9.999955704214180674e-01 -1.317696050692099448e-02
9.993854051415929085e-01 -3.496267893344007227e-02 -2.534377985120301290e-03 1.408262671733137594e+01 3.496649037980627261e-02 9.993873960711667781e-01 1.475508255417171295e-03 5.584022865593623042e-01 2.481237693811677233e-03 -1.563219719065356544e-03 9.999956998925628726e-01 -1.269140379672342028e-02
9.994420201468234843e-01 -3.331214487721669698e-02 -2.439132738442895045e-03 1.436234037590891433e+01 3.331720976826734598e-02 9.994426919210757099e-01 2.066179762521759729e-03 5.774640815450391429e-01 2.368944510470694358e-03 -2.146291972940582091e-03 9.999948907532844045e-01 -1.113021673617593105e-02
9.994426631092113711e-01 -3.328649204078139301e-02 -2.524401867057693774e-03 1.506954812041739977e+01 3.329014103997803009e-02 9.994447244295927568e-01 1.417504636246725647e-03 5.903318259161467463e-01 2.475816371578828945e-03 -1.500752302816016131e-03 9.999958090291277690e-01 -1.460096583611998969e-02
9.993956997979003276e-01 -3.466779443330184757e-02 -2.525718629500327446e-03 1.534897429333262764e+01 3.467195220924435689e-02 9.993974318408473945e-01 1.621406771522473662e-03 6.040581162578136931e-01 2.467986115227307001e-03 -1.707998550698790457e-03 9.999954958825993945e-01 -1.271203395758443988e-02
9.994429217918346930e-01 -3.327625020063178229e-02 -2.556805191157644503e-03 1.565755655709474858e+01 3.327913840278165503e-02 9.994454956916377641e-01 1.095485675340489903e-03 6.241399494910487844e-01 2.518933776239666838e-03 -1.179963677968886345e-03 9.999961313216914061e-01 -1.717556078761977092e-02
9.993921730143123794e-01 -3.476228395335029253e-02 -2.620712131702365461e-03 1.602283664309536704e+01 3.476643381395970456e-02 9.993942552130639090e-01 1.554904172272547755e-03 6.243713051155292959e-01 2.565072628633739086e-03 -1.645071874428753701e-03 9.999953570596904484e-01 -1.423993449122013845e-02
9.994365154997021383e-01 -3.346247258592580098e-02 -2.629527381472297753e-03 1.634303982444624737e+01 3.346533887224785453e-02 9.994393232322138498e-01 1.053694120647285766e-03 6.378498520815377715e-01 2.592793855933138089e-03 -1.141098405237070791e-03 9.999959876491756328e-01 -1.744146087489795507e-02
9.993922953047655877e-01 -3.476618033472057140e-02 -2.520474242273459519e-03 1.669818861243558317e+01 3.476898609568802173e-02 9.993947945838196345e-01 1.078037403222974764e-03 6.530022399618043982e-01 2.481469594842668647e-03 -1.165016608715543521e-03 9.999962425154163004e-01 -1.885492558186166109e-02
9.993912377986967632e-01 -3.479020760106785182e-02 -2.606773151511980208e-03 1.739444097069543815e+01 3.479273465066605453e-02 9.993941164306381353e-01 9.304081644637019616e-04 6.730353640350144051e-01 2.572824657295004914e-03 -1.020538533696429368e-03 9.999961695298558162e-01 -2.217539682028259185e-02
9.994338114984983035e-01 -3.353036019870198059e-02 -2.787719234351204809e-03 1.775651435172812143e+01 3.353271263117542367e-02 9.994372991314641741e-01 8.014289732289425023e-04 6.895308191259347241e-01 2.759278380170759448e-03 -8.944550013414291926e-04 9.999957931576869408e-01 -2.236072426073733299e-02
9.993974633387517903e-01 -3.460086685860825489e-02 -2.736838449948470527e-03 1.809144125666748693e+01 3.460311226682034197e-02 9.994008306546933174e-01 7.773725996873898309e-04 7.100969561105735517e-01 2.708300854424890939e-03 -8.716073323363457718e-04 9.999959526953797750e-01 -2.167110397456452689e-02
9.994308459657382793e-01 -3.362100510178182844e-02 -2.759012170096475022e-03 1.846581226253920605e+01 3.362280434014885966e-02 9.994344085240907116e-01 6.083472733138175093e-04 7.140288992314872685e-01 2.736998449551399613e-03 -7.007667563762220910e-04 9.999960088747555931e-01 -2.241873007342028157e-02
9.994014466157759013e-01 -3.448823602982289266e-02 -2.703715563013283328e-03 1.882000132033683215e+01 3.448970199719441493e-02 9.994049294434937947e-01 4.974537062274699733e-04 7.265402971568816204e-01 2.684950360654283531e-03 -5.904062976816174457e-04 9.999962212238426851e-01 -2.106819036711677154e-02
9.994362212218318442e-01 -3.345861983993576871e-02 -2.785761696979336104e-03 1.917569656501391151e+01 3.345976431353293867e-02 9.994399985888882121e-01 3.652296892483140314e-04 7.399780918226480653e-01 2.771981585171189467e-03 -4.582347103149550386e-04 9.999960530617316712e-01 -1.955462500337072987e-02
9.993992718007128628e-01 -3.455227507317219782e-02 -2.689946369858490973e-03 1.955354922175307664e+01 3.455467834570681573e-02 9.994024455081912395e-01 8.521247980712341004e-04 7.521642589432021575e-01 2.658896129902828514e-03 -9.445631342533826512e-04 9.999960190280038352e-01 -2.603419070547620395e-02
9.994322819892385024e-01 -3.358481799132628093e-02 -2.678379785015116109e-03 1.994039425713515357e+01 3.358634821853206248e-02 9.994356797770022061e-01 5.283957086795322382e-04 7.608261669454541298e-01 2.659122247434163311e-03 -6.180527250399005246e-04 9.999962735329078756e-01 -2.305670925606720031e-02
9.994398192871655207e-01 -3.336985194683583095e-02 -2.549628263916921267e-03 2.065725928889064278e+01 3.337224161458083455e-02 9.994425859158394543e-01 9.005262227726147173e-04 7.898957062967416620e-01 2.518156638485074400e-03 -9.851085758020156069e-04 9.999963442174365502e-01 -2.427454768042294070e-02
9.994056125275381230e-01 -3.438382716869654854e-02 -2.484769142120946041e-03 2.107135702183583703e+01 3.438497984215081738e-02 9.994085723656764841e-01 4.226621052250667510e-04 8.033863913105413479e-01 2.468766840208565325e-03 -5.078496170288636542e-04 9.999968236344829453e-01 -2.743734736378162023e-02
9.994337756317922539e-01 -3.356181045496393206e-02 -2.394369513116484990e-03 2.144287595543133662e+01 3.356325564141960510e-02 9.994364349776423406e-01 5.659593003940284386e-04 8.122616478030286746e-01 2.374025511443244186e-03 -6.460016765154814357e-04 9.999969733377721548e-01 -2.259409591333421535e-02
9.994363161360774184e-01 -3.349099672767524155e-02 -2.324462633295270187e-03 2.145678573622056362e+01 3.349273001120606913e-02 9.994387083881067779e-01 7.107826033927423185e-04 8.107722473601131075e-01 2.299353114072727900e-03 -7.882345461065485073e-04 9.999970458264150208e-01 -2.199431754083016471e-02
9.994382366284348951e-01 -3.344151673634698785e-02 -2.208194605838704853e-03 2.222789145165019065e+01 3.344318192190695593e-02 9.994403599012876560e-01 7.215146033135668878e-04 8.396818095015906591e-01 2.182830268909288253e-03 -7.949583367594133384e-04 9.999973016429893891e-01 -2.720124263175853485e-02
9.994019905409680105e-01 -3.449924964268931415e-02 -2.337322579834984031e-03 2.264616038492089700e+01 3.450174564045237202e-02 9.994041004678038131e-01 1.036106124610758307e-03 8.519281461978435166e-01 2.300184886553802849e-03 -1.116128232476832792e-03 9.999967316982872889e-01 -2.689641396891332900e-02
9.994026141543546071e-01 -3.447762297307586238e-02 -2.389212332284813747e-03 2.345217491829455625e+01 3.447946060607189750e-02 9.994051383712644343e-01 7.322522981899750672e-04 8.827553479711166551e-01 2.362544762887273161e-03 -8.141936135221504575e-04 9.999968777306272871e-01 -2.728020860673901343e-02
9.994292535077452522e-01 -3.369603963498185584e-02 -2.396694780063235788e-03 2.382876386065133545e+01 3.369898109935499930e-02 9.994313104125219782e-01 1.197681082157773342e-03 8.904752596660268082e-01 2.354974695482994242e-03 -1.277763681975565549e-03 9.999964107006368286e-01 -3.136072677473481646e-02
9.994348540521924562e-01 -3.353053838575031226e-02 -2.382331050544225174e-03 2.384894863473872917e+01 3.353332696981092126e-02 9.994369492484780348e-01 1.140376793363383039e-03 8.889385620921422815e-01 2.342752229411752211e-03 -1.219619800107872663e-03 9.999965120136843355e-01 -3.009590912849433031e-02
9.994114583625389736e-01 -3.422676528169853183e-02 -2.294652918103686282e-03 2.424341608688884264e+01 3.422921201215362030e-02 9.994134722732133103e-01 1.035607949961058621e-03 9.138461884185345996e-01 2.257861530316688028e-03 -1.113542612790498817e-03 9.999968310370584978e-01 -2.551556293601759534e-02
9.993977339840492968e-01 -3.461048740152436465e-02 -2.506684937574443339e-03 2.508949668061429605e+01 3.461204603740469787e-02 9.994006546942648672e-01 5.810901645260660919e-04 9.285843516439534762e-01 2.485070753905671646e-03 -6.675016881283643263e-04 9.999966894269423090e-01 -3.124333628314312356e-02
9.994370758441417646e-01 -3.347239953884777186e-02 -2.264927641901889627e-03 2.549225249641514779e+01 3.347435434539501597e-02 9.994392315110290914e-01 8.307332919987999798e-04 9.515745444910378437e-01 2.235850905190505614e-03 -9.060826426133620484e-04 9.999970899882532072e-01 -3.399687548914002294e-02
9.994352394835407383e-01 -3.353322623885680864e-02 -2.173664300479110842e-03 2.633821870718889713e+01 3.353400400091233191e-02 9.994375251446053765e-01 3.223484033316202429e-04 9.784905341626839448e-01 2.161632287029369159e-03 -3.950580210297816464e-04 9.999975856345932890e-01 -3.227350826475970658e-02
9.994130963462778405e-01 -3.419134302835421385e-02 -2.101169546439358993e-03 2.677218217806144906e+01 3.419204118516015051e-02 9.994152370096481830e-01 2.972415532140831678e-04 9.958379784074972152e-01 2.089777772343923319e-03 -3.689103767293226677e-04 9.999977483644632015e-01 -3.319049013722929348e-02
9.994349902360790683e-01 -3.353637787904505119e-02 -2.238671606663745518e-03 2.720790226131613565e+01 3.353579159207152605e-02 9.994374724437672386e-01 -2.989272605597572481e-04 1.006340103156192045e+00 2.247437229764121490e-03 2.236827392946755580e-04 9.999974494927126312e-01 -3.680832772716730733e-02
9.994160307029618107e-01 -3.410348586587734487e-02 -2.133032051448017705e-03 2.765436202055775539e+01 3.410302634345917239e-02 9.994182909924156366e-01 -2.514438638007907272e-04 1.027019521251695044e+00 2.140366359745416065e-03 1.785541800624278978e-04 9.999976934724653654e-01 -3.667610576790125698e-02
9.994384282636512573e-01 -3.345641239707509984e-02 -1.869914275941137643e-03 2.810537617066721339e+01 3.345648453907475173e-02 9.994401750925016037e-01 7.304538242029800024e-06 1.042566112517084198e+00 1.868623067710783623e-03 -6.986119428222581959e-05 9.999982516820938860e-01 -3.680472968307315490e-02
9.994356532657586722e-01 -3.357599779153959407e-02 -1.013584504984148130e-03 2.897586884368149285e+01 3.357690790157866201e-02 9.994357362250586574e-01 8.946575008927131400e-04 1.066303926157841087e+00 9.829735576909854559e-04 -9.281856374281396678e-04 9.999990861167861178e-01 -3.865312212780466078e-02
9.994150398731576068e-01 -3.417688005428790032e-02 -1.232454903723270061e-03 2.943584086932342458e+01 3.417794081450208077e-02 9.994154019298735481e-01 8.501452991325779331e-04 1.085006180298023759e+00 1.202679099047864646e-03 -8.917707687865596491e-04 9.999988791533122034e-01 -3.643551686805858447e-02
9.994345714815302539e-01 -3.361995066464480708e-02 -4.860502410833268281e-04 2.984495293087756096e+01 3.362027190148889066e-02 9.994344552388487735e-01 6.685796104145206708e-04 1.099074296694548147e+00 4.632977443983022151e-04 -6.845427176989306740e-04 9.999996583781755044e-01 -3.569001442428085952e-02
9.994142719704018907e-01 -3.421379078710715116e-02 -7.276687760750298693e-04 3.028021988021963651e+01 3.421435229642708076e-02 9.994142181462501995e-01 7.737338401126428369e-04 1.117310846439604211e+00 7.007701531799458063e-04 -7.981773583747811974e-04 9.999994359168894453e-01 -4.057263431036663148e-02
9.994399683243320176e-01 -3.346250948148653953e-02 1.008715011173317298e-04 3.071434100699929104e+01 3.346238142054099723e-02 9.994393954717482043e-01 1.078799672176357404e-03 1.129176421217439774e+00 -1.369142963558597173e-04 -1.074820109543387801e-03 9.999994130079314925e-01 -4.328003508074689670e-02
9.994159662175817749e-01 -3.417072934549439389e-02 2.961846963219214100e-04 3.115802681221782677e+01 3.417044147033687640e-02 9.994155892140755837e-01 9.278823225437827973e-04 1.148262130605199438e+00 -3.277180184988774604e-04 -9.172196460912307968e-04 9.999995256543980915e-01 -4.144910301213838855e-02
9.994384098224515789e-01 -3.349083088017465459e-02 1.108701278506205425e-03 3.157846844795102825e+01 3.348923372530715481e-02 9.994380565810951911e-01 1.429084285551484321e-03 1.155694950609326588e+00 -1.155939471240137765e-03 -1.391152169606388713e-03 9.999983642484521207e-01 -4.013096999479115468e-02
9.994424148573411992e-01 -3.333784987682870959e-02 1.856650132979008067e-03 3.242957878441981023e+01 3.333359922049233814e-02 9.994416915547948976e-01 2.275158257774469520e-03 1.194300439079280629e+00 -1.931462433973686957e-03 -2.212000831907341182e-03 9.999956882432973204e-01 -4.503885870403372821e-02
9.994059265270971437e-01 -3.444880929136036329e-02 1.036127850193452066e-03 3.282228283698440663e+01 3.444724057521181271e-02 9.994053986704264370e-01 1.495568507130641371e-03 1.198886530924284433e+00 -1.087032321480426843e-03 -1.458988284231355070e-03 9.999983448555894716e-01 -4.394304530862882391e-02
9.994314424850180290e-01 -3.366880142466393416e-02 1.789855564772903709e-03 3.326300595655113312e+01 3.366627811440130874e-02 9.994321189871983036e-01 1.421708367576501614e-03 1.208971454734340645e+00 -1.836706356493728216e-03 -1.360642269371749747e-03 9.999973875777750099e-01 -3.965872117605690611e-02
9.994009940154082727e-01 -3.456020686881191434e-02 1.801461128858198712e-03 3.367986449631855805e+01 3.455784849603563830e-02 9.994018218371822915e-01 1.324241611662171090e-03 1.223758779132139596e+00 -1.846149598193084097e-03 -1.261193762249161006e-03 9.999975005578539688e-01 -4.300672660980786599e-02
9.994230546773382740e-01 -3.389872781633068016e-02 2.105714095605173367e-03 3.407739783758204766e+01 3.389571945311444651e-02 9.994243256110839635e-01 1.448302311613883404e-03 1.235230546880630831e+00 -2.153597495787115072e-03 -1.376092026136296019e-03 9.999967341889480776e-01 -4.720572674641061728e-02
9.993958295674095771e-01 -3.469204077431167765e-02 2.106691762615674115e-03 3.447500207418254092e+01 3.468936948756465299e-02 9.993973081106575229e-01 1.291582644163611878e-03 1.253779977847431448e+00 -2.150229714331718372e-03 -1.217722499168977278e-03 9.999969468273843809e-01 -4.553479031375660263e-02
9.993878938297491299e-01 -3.453054590706970683e-02 5.610620812154039523e-03 3.527616311406762151e+01 3.451645214828182040e-02 9.994007744194723930e-01 2.589714434889127219e-03 1.277005763036664465e+00 -5.696683037820895849e-03 -2.394470529919474726e-03 9.999809069743521572e-01 -6.414961961861964657e-02
9.993718417500910833e-01 -3.480128275455568465e-02 6.692730060921320105e-03 3.567019660979302387e+01 3.478161727474791964e-02 9.993903352143863605e-01 3.032652276377315829e-03 1.287808479287029684e+00 -6.794189928450013009e-03 -2.797963315328638300e-03 9.999730048278814287e-01 -6.847150732277718088e-02
9.992838126250476183e-01 -3.719315310235044719e-02 6.966432936141337025e-03 3.605155443943345261e+01 3.717254507410325953e-02 9.993041626048307924e-01 3.064717502765999628e-03 1.300485854574956468e+00 -7.075571938889259858e-03 -2.803562548458291698e-03 9.999710377399809724e-01 -6.366906668332091013e-02
9.991888052480253357e-01 -3.987778497437544784e-02 5.611927704560319870e-03 3.641047069481648180e+01 3.986704782601260127e-02 9.992029668385474794e-01 2.012351530652787233e-03 1.315236130839040118e+00 -5.687702933712338559e-03 -1.786988131458162269e-03 9.999822281964594328e-01 -6.380602217314002012e-02
9.991602959902158299e-01 -4.054810160516725270e-02 5.878296773844600247e-03 3.682730058449252653e+01 4.053841850952978609e-02 9.991764352951475470e-01 1.757206768703887308e-03 1.316270748072510877e+00 -5.944707014695706053e-03 -1.517434380392855466e-03 9.999811787485856085e-01 -6.146816264314185208e-02
9.991274525738218504e-01 -4.137189683754619735e-02 5.718362126410197685e-03 3.717450008418609286e+01 4.136279423675030126e-02 9.991427453594817765e-01 1.701072733879540992e-03 1.332256922359489781e+00 -5.783836639600395749e-03 -1.463061031237921847e-03 9.999822031847093173e-01 -6.377033798495249095e-02
9.991454391061350693e-01 -4.111825668096494996e-02 4.204816396334404641e-03 3.755024564398791398e+01 4.111441375274772075e-02 9.991539482193149135e-01 9.963631478799080815e-04 1.355603247123609911e+00 -4.242227619596812549e-03 -8.226331338244114279e-04 9.999906633461888017e-01 -6.242465742455145794e-02
9.991287097872292300e-01 -4.130905410202721784e-02 5.948388697991662498e-03 3.826214669202240515e+01 4.129717881463092211e-02 9.991446889226873740e-01 2.105616189806256908e-03 1.398070638855440251e+00 -6.030281988348919382e-03 -1.858129915308336100e-03 9.999800913280018078e-01 -6.874417264493551394e-02
9.990696068627028525e-01 -4.253436344661785939e-02 7.123803014916724706e-03 3.866928532171630906e+01 4.251604698817111616e-02 9.990921270239113694e-01 2.703232756563515686e-03 1.413610126911283960e+00 -7.232315791220978070e-03 -2.397841743641617417e-03 9.999709715603091187e-01 -7.724805931619675714e-02
9.991089016348185803e-01 -4.169403341386859058e-02 6.558220166289633127e-03 3.901635573465090800e+01 4.167952230090731652e-02 9.991283049006257633e-01 2.334045237428281332e-03 1.418855924505277644e+00 -6.649819158028875965e-03 -2.058621889857820738e-03 9.999757706970104909e-01 -7.056980873864558690e-02
9.990786228451108419e-01 -4.242679301009345816e-02 6.470904789554456950e-03 3.936797569286678566e+01 4.241322693615193207e-02 9.990976888115437049e-01 2.219547767954208571e-03 1.434182963241860786e+00 -6.559234313490413908e-03 -1.943050774025024616e-03 9.999766002256804676e-01 -7.369181320528726820e-02
9.991002096503546204e-01 -4.189992570054693055e-02 6.570182867024080067e-03 3.971072953036413367e+01 4.188610978731940881e-02 9.991199108222580394e-01 2.226568078420493573e-03 1.461028656945407844e+00 -6.657693557240053697e-03 -1.949365233059766793e-03 9.999759372563351567e-01 -7.178973214995401642e-02
9.991098316373390187e-01 -4.192344603740044001e-02 4.687109765861676228e-03 4.040451418326124866e+01 4.191738120554037300e-02 9.991201206253806921e-01 1.384815653526103854e-03 1.480125722683899303e+00 -4.741041918974467362e-03 -1.187111567635382300e-03 9.999880565725015602e-01 -6.526465363504145578e-02
9.990865423537912404e-01 -4.252595248405783429e-02 4.198124923087633367e-03 4.110372664558408928e+01 4.251804934651191165e-02 9.990937876546081009e-01 1.954213329303420687e-03 1.502671670436066975e+00 -4.277425313640503823e-03 -1.773932155552783961e-03 9.999892783412198671e-01 -6.486566050032974151e-02
9.991336447607228610e-01 -4.139303918568357221e-02 4.310013239670484539e-03 4.144410411985835196e+01 4.138475036935863882e-02 9.991412926427023500e-01 1.994936875092528927e-03 1.532429348582285300e+00 -4.388888699835198984e-03 -1.814839729066371893e-03 9.999887219427718854e-01 -6.932171650062263213e-02
9.990780786761782606e-01 -4.274498784503455440e-02 3.982301199553194872e-03 4.180662647744514260e+01 4.273779378926431671e-02 9.990845646784478618e-01 1.874460803173123380e-03 1.557623893753484312e+00 -4.058779464621692888e-03 -1.702537930314765606e-03 9.999903137900153505e-01 -6.645861413827418296e-02
9.991314991083256603e-01 -4.150521572109872048e-02 3.683009298775327071e-03 4.212109325783472968e+01 4.149824376162902784e-02 9.991366745783365477e-01 1.949686447525481904e-03 1.576530399375766445e+00 -3.760751819812519197e-03 -1.795154725450395696e-03 9.999913170449339361e-01 -6.625806525499483568e-02
9.990608781508131253e-01 -4.306553132104348064e-02 4.766734790441782242e-03 4.248674270267417086e+01 4.305495638800106023e-02 9.990700594613122210e-01 2.299351734146054971e-03 1.586223640955501057e+00 -4.861324814647940452e-03 -2.091960804177914277e-03 9.999859955124572597e-01 -6.084770476529872962e-02
9.991071487094249637e-01 -4.218120786170258263e-02 2.377204461289610191e-03 4.283223377154254052e+01 4.217658757266366798e-02 9.991082467135846690e-01 1.961328537572354716e-03 1.589040239748146677e+00 -2.457815788127202302e-03 -1.859314990716633446e-03 9.999952510333821598e-01 -6.987037648990318539e-02
9.991155717831622374e-01 -4.196497390602781791e-02 2.648619540659629974e-03 4.352483545991577785e+01 4.196026566954374343e-02 9.991176427880213984e-01 1.808860041314925681e-03 1.612600449375087841e+00 -2.722191276539578670e-03 -1.696123454870453271e-03 9.999948564067115964e-01 -7.023381467282087398e-02
9.990111074560009685e-01 -4.436684795266217229e-02 2.896546612743653402e-03 4.387421029397356875e+01 4.436190956832626597e-02 9.990139975063029310e-01 1.747502769164162653e-03 1.632549020490506209e+00 -2.971221800216740545e-03 -1.617278337810142911e-03 9.999942781095260136e-01 -7.225032020170736591e-02
9.991235852924912342e-01 -4.177719936421989133e-02 2.593631731798455489e-03 4.420235001736595137e+01 4.177290570296034178e-02 9.991257050430616404e-01 1.688156194332892778e-03 1.641978640378379595e+00 -2.661890570543776809e-03 -1.578333135654984981e-03 9.999952115900871963e-01 -7.258638650343379739e-02
9.990140508994156399e-01 -4.432416537808622076e-02 2.508878051189176138e-03 4.454896203940155175e+01 4.432001296741765878e-02 9.990159607435915579e-01 1.687195936083658128e-03 1.662689392209122596e+00 -2.581192768393471629e-03 -1.574338939005593329e-03 9.999954294399537869e-01 -7.435423499576505890e-02
9.991208179685688862e-01 -4.184826082684244691e-02 2.512800745443096936e-03 4.489965255720208148e+01 4.184415552182218362e-02 9.991227629195452709e-01 1.664711590520017792e-03 1.676305852821149411e+00 -2.580261708294949094e-03 -1.558101980814446041e-03 9.999954572735488822e-01 -7.545004658851246770e-02
9.991213427395981839e-01 -4.184218370581546664e-02 2.402945057896874875e-03 4.559180209692404873e+01 4.183829688470910857e-02 9.991230398387124234e-01 1.645654045515524593e-03 1.707406707312806082e+00 -2.469695529700015671e-03 -1.543672950910388681e-03 9.999957588299118738e-01 -7.651487707992378484e-02
9.990917453971744910e-01 -4.259675534622877485e-02 1.095770596862784057e-03 4.629627430520976361e+01 4.259489063379395118e-02 9.990910263393640856e-01 1.672238036670394088e-03 1.730491429530903513e+00 -1.166006484780843103e-03 -1.624044990043471085e-03 9.999980014513767390e-01 -6.878831280195761566e-02
9.989764102515953370e-01 -4.519300214816917433e-02 1.929849131893468777e-03 4.664026316162100017e+01 4.518973228282346238e-02 9.989769661340336393e-01 1.705646460591697926e-03 1.743695833099045522e+00 -2.004958115032873679e-03 -1.616691212743728411e-03 9.999966832207393130e-01 -7.576720990201966932e-02
9.990366908787026157e-01 -4.387137314254994924e-02 9.964420297780790352e-04 4.697558368526425454e+01 4.386972651858027372e-02 9.990359494548354258e-01 1.618268228817132956e-03 1.758051579832978328e+00 -1.066477058607216439e-03 -1.572995696933624519e-03 9.999981941539799468e-01 -7.818283631147436574e-02
9.989581518465920906e-01 -4.562139316804874473e-02 1.139887997748513602e-03 4.732318277326017153e+01 4.561956923218051657e-02 9.989576392785723957e-01 1.577919532803080194e-03 1.767941895446554668e+00 -1.210686710666386730e-03 -1.524274380821383267e-03 9.999981054108555423e-01 -7.761682295388949715e-02
9.990276744174011458e-01 -4.408273270643390390e-02 6.468580154697043403e-04 4.767678661188462996e+01 4.408172910698169439e-02 9.990268148777317059e-01 1.491413488309554928e-03 1.783344194156006202e+00 -7.119740850327495969e-04 -1.461448729012023448e-03 9.999986786293842966e-01 -7.676046852584665625e-02
9.990252669974838406e-01 -4.413501120808734773e-02 7.852937464127385334e-04 4.838602005228034386e+01 4.413370462761844609e-02 9.990243362426068918e-01 1.609879144780271797e-03 1.811321340295590554e+00 -8.555795978639996018e-04 -1.573652020197696417e-03 9.999983958001488205e-01 -8.059175038973273586e-02
9.989644311914002150e-01 -4.549033162824791393e-02 8.336322895781413632e-04 4.873583218863306854e+01 4.548895395574000661e-02 9.989635554382156890e-01 1.603113923425054065e-03 1.834575039648409733e+00 -9.056944599395476761e-04 -1.563532727812684976e-03 9.999983675401447059e-01 -8.136878096165356400e-02
9.989622513544177407e-01 -4.553744379325480596e-02 8.726864781809942715e-04 4.947646598803739693e+01 4.553588758465977604e-02 9.989612105307866807e-01 1.727077514941461256e-03 1.867203548153564707e+00 -9.504266359207759821e-04 -1.685546689222412872e-03 9.999981278090315229e-01 -8.578188856175561483e-02
9.990241654452820530e-01 -4.415612184135649099e-02 9.766065169660254151e-04 4.983611055919491406e+01 4.415443651256141522e-02 9.990232967245842310e-01 1.684736715793757863e-03 1.880014881821072903e+00 -1.050044101875308297e-03 -1.639971181039754202e-03 9.999981039491572243e-01 -8.578199444652662153e-02
9.989586862111939913e-01 -4.561433840770983544e-02 9.356146814266118371e-04 5.020487517572730951e+01 4.561275370019212544e-02 9.989578333552574518e-01 1.650417539687855763e-03 1.901378423223439640e+00 -1.009922319182639206e-03 -1.606022975124295682e-03 9.999982003719369850e-01 -8.275250626159397216e-02
