1.000000000000000000e+00 0.000000000000000000e+00 0.000000000000000000e+00 0.000000000000000000e+00 0.000000000000000000e+00 1.000000000000000000e+00 0.000000000000000000e+00 0.000000000000000000e+00 0.000000000000000000e+00 0.000000000000000000e+00 1.000000000000000000e+00 0.000000000000000000e+00
9.999952049302366364e-01 -3.096758475436373233e-03 1.426459980036848039e-05 2.982072426982082525e-01 3.096758555428090476e-03 9.999952050161100559e-01 -5.589038971862716818e-06 1.192692878460301868e-03 -1.424722349803658171e-05 5.633186193502486110e-06 9.999999998826418768e-01 4.983870605482101576e-03
9.999997743070447864e-01 -6.244852405089639088e-04 -2.477983934845440759e-04 5.102091173077425434e-01 6.244044720178164960e-04 9.999997519580112737e-01 -3.258879734504083539e-04 8.537727416003200800e-03 2.480018442496169655e-04 3.257331734747379720e-04 9.999999161964889804e-01 8.173018480395670068e-03
9.999992594864844930e-01 -1.210433584840082738e-03 1.260040450386295998e-04 8.476239055551653134e-01 1.210450552703407632e-03 9.999992583361526632e-01 -1.346722095715662513e-04 -1.034878176102233330e-02 -1.258409398205747177e-04 1.348246315109347950e-04 9.999999829931881523e-01 1.588473255598644648e-03
9.999990627683220668e-01 -1.368672942723223301e-03 3.459556904105519885e-05 1.038750711444974106e+00 1.368681192346333370e-03 9.999990346583427225e-01 -2.395708171885866950e-04 -1.382213795880295887e-03 -3.426764154915912973e-05 2.396179429599127014e-04 9.999999707044846531e-01 2.119791080983713001e-03
9.999990216018880274e-01 -1.397480454802737995e-03 6.199713744383835692e-05 1.307288892640151134e+00 1.397482003244499959e-03 9.999990232105530064e-01 -2.493973484702073721e-05 -2.979840811255247968e-03 -6.196222409369208978e-05 2.502635032986169205e-05 9.999999977671822915e-01 -1.448562075857335197e-03
9.999995335748718128e-01 -9.540726649405126270e-04 1.503176268410305702e-04 1.542471261772861535e+00 9.541276426057224667e-04 9.999994778065427470e-01 -3.660970956070130986e-04 -7.806066552760594635e-03 -1.499682651145165739e-04 3.662403470530682398e-04 9.999999216887607290e-01 -3.898575959498200121e-03
9.999998283808620991e-01 -5.253189704928157636e-04 2.593804650725724400e-04 1.742217771232416501e+00 5.253613923526328187e-04 9.999998486299854772e-01 -1.635096740075020689e-04 4.231703326766504333e-03 -2.592945310765324969e-04 1.636459144283923777e-04 9.999999529931793418e-01 -1.830740924972437157e-03
9.999970782076320619e-01 -2.399135843765737991e-03 2.961813668294751233e-04 1.973811569347259542e+00 2.399165259208130632e-03 9.999971170983414925e-01 -9.900032762374842363e-05 -1.308622379151216583e-02 -2.959429977331747724e-04 9.971062641106881441e-05 9.999999512377653055e-01 -7.006401200739853334e-03
9.999966647847617907e-01 -2.544900519138061212e-03 4.403415725380742060e-04 2.418601554561983669e+00 2.544988849597235644e-03 9.999967414802772847e-01 -2.001513997601912331e-04 -1.010446597617126185e-02 -4.398307722752194094e-04 2.012713966043163283e-04 9.999998830193514987e-01 -2.752874605504726860e-03
9.999967681624544191e-01 -2.517115423427348630e-03 3.574836940987785269e-04 2.424311487654547737e+00 2.517165138519484539e-03 9.999968223176349813e-01 -1.386877707782082627e-04 -7.319325794938768247e-03 -3.571334650022814556e-04 1.395871680542381589e-04 9.999999264855526926e-01 -2.806465701082824348e-03
9.999998877748937920e-01 2.220645856864728246e-04 4.184943483162408624e-04 2.610951924491226706e+00 -2.220220121164887710e-04 9.999999701741343339e-01 -1.017740462465065480e-04 -8.261379259832621683e-03 -4.185169362456980639e-04 1.016811198676308538e-04 9.999999072522576249e-01 -4.174389597898029401e-03
9.999980756761743805e-01 -1.947091655743347395e-03 2.397457660755522536e-04 2.853452449891268561e+00 1.947111646568615122e-03 9.999981009170014756e-01 -8.317828056616975252e-05 -1.483424179931442863e-02 -2.395833550424144405e-04 8.364493227756390488e-05 9.999999678016701088e-01 -6.256691645271721461e-03
9.999999615517383145e-01 -8.754769680262622627e-05 2.631195976897741104e-04 3.053120440478885644e+00 8.755940861731133966e-05 9.999999951765418116e-01 -4.450018380811933015e-05 -8.062265156966168245e-03 -2.631157005320280745e-04 4.452322069353395733e-05 9.999999643939048166e-01 -4.851705350879687711e-03
9.999932970854826797e-01 -3.642317171440529692e-03 3.732421844464615512e-04 3.347666033110620720e+00 3.642332977756229575e-03 9.999933658147179827e-01 -4.167770076887667758e-05 -7.835570071309153062e-03 -3.730879048834781801e-04 4.303689372391025948e-05 9.999999294766179769e-01 -1.009249470873446568e-02
9.999967557679829699e-01 -2.524123833838811011e-03 3.424213494168883067e-04 3.797916541554627212e+00 2.524149728721045149e-03 9.999968115005836156e-01 -7.521178887774582417e-05 -1.614887743005975068e-02 -3.422304137377235600e-04 7.607586762949120768e-05 9.999999385454012568e-01 -9.994209897159846839e-03
9.999966290853892215e-01 -2.574038322748276302e-03 3.407998996095710554e-04 3.795984843597234093e+00 2.574073528271843877e-03 9.999966817725793877e-01 -1.029043320903788263e-04 -1.615728892298884042e-02 -3.405338890636217821e-04 1.037812292086849787e-04 9.999999366330614148e-01 -9.347285699771829340e-03
9.999994347329880240e-01 8.720495366897115103e-04 6.083282912792282700e-04 4.057425577131401617e+00 -8.719405634029081791e-04 9.999996037715377373e-01 -1.793778733582788586e-04 4.422707688231976297e-04 -6.084844766335992987e-04 1.788473458488524224e-04 9.999997988801140325e-01 -1.664582494876210711e-02
9.999988086402115117e-01 -1.506354372361678497e-03 3.370677416202285293e-04 4.260263564436122863e+00 1.506365608154085645e-03 9.999988648834557958e-01 -3.308253916710434761e-05 -9.249660033629862610e-03 -3.370175249815352968e-04 3.359024700749236312e-05 9.999999426454398987e-01 -1.129929851047421600e-02
9.999984629789091528e-01 -1.553657389409124909e-03 8.125198677841018917e-04 4.510679776429859622e+00 1.553893562989206454e-03 9.999987506225048728e-01 -2.901176042903180351e-04 -5.766745173147506953e-03 -8.120681092803613355e-04 2.913797277657919423e-04 9.999996278215508294e-01 -1.784968730327741657e-02
9.999992221331890363e-01 8.997342903713385345e-04 8.638351830819065947e-04 4.962813760699035015e+00 -8.995115268656954681e-04 9.999995620977301103e-01 -2.582312164248225499e-04 -5.409079190369231460e-03 -8.640671442867808123e-04 2.574539858508354722e-04 9.999995935526250213e-01 -1.740723116561922190e-02
9.999977622205806771e-01 -2.023486768242742980e-03 6.172966303474113460e-04 5.162702158392919571e+00 2.023592991873072230e-03 9.999979378269826524e-01 -1.715027268710986286e-04 -9.906191014956603619e-03 -6.169483238764153542e-04 1.727515002209039643e-04 9.999997947658213482e-01 -1.383474513873208557e-02
9.999998396273847012e-01 3.051705289152463517e-04 4.770913466614954248e-04 5.405847293235626516e+00 -3.051202234344465962e-04 9.999999478845101875e-01 -1.055112610375205786e-04 -6.290198117523029819e-03 -4.771235207249835105e-04 1.053656738981117031e-04 9.999998806256031880e-01 -1.431374971498806589e-02
9.999994145593663619e-01 6.912624405823717972e-04 8.324885361625523330e-04 5.647224210396246669e+00 -6.910934018576635109e-04 9.999997405248277627e-01 -2.033228640082059121e-04 7.594360007364019637e-03 -8.326288696116464433e-04 2.027474176402755009e-04 9.999996328112576993e-01 -1.595771869626592954e-02
9.999951170706015136e-01 3.102554069519816542e-03 3.741566513294401980e-04 5.858441229446123444e+00 -3.102530091822494965e-03 9.999951850522378338e-01 -6.464804743193023175e-05 -2.067748314465784470e-03 -3.743554238473555855e-04 6.348689949027373639e-05 9.999999279137125052e-01 -1.600335535179538485e-02
9.999946659695598816e-01 3.173129852518500032e-03 7.741313632057828919e-04 6.107655763879882294e+00 -3.172974253856459138e-03 9.999949456734881226e-01 -2.021431715543243004e-04 -4.692080486197107263e-04 -7.747688770252520157e-04 1.996857944319391882e-04 9.999996799293341398e-01 -1.956662531186281404e-02
9.999913540835998482e-01 4.145056468352770022e-03 3.320616247913443981e-04 6.332932948636272208e+00 -4.145027660465688997e-03 9.999914055168908078e-01 -8.739592214245351460e-05 -7.165055828325819429e-03 -3.324210319257031913e-04 8.601876190487765101e-05 9.999999410485133078e-01 -1.509555621915859881e-02
9.999989051760779235e-01 1.256398505217460465e-03 7.817348921281737101e-04 6.582251025828487201e+00 -1.256249622494451466e-03 9.999991926941219633e-01 -1.909135676966722435e-04 -2.063502707294216296e-03 -7.819741245500800523e-04 1.899313045168045215e-04 9.999996762212316481e-01 -1.889215313995036907e-02
9.999971596349164216e-01 2.378009138653740771e-03 1.606070854962370997e-04 6.810774109123884479e+00 -2.378002395895624163e-03 9.999971716595335014e-01 -4.216086477763662853e-05 -1.569416992114240628e-02 -1.607068901664527455e-04 4.177882099128055269e-05 9.999999862139127282e-01 -1.432587488081930698e-02
9.999894121058588992e-01 4.533279292781560582e-03 7.906042197444573122e-04 7.059079866692393956e+00 -4.533160132949933668e-03 9.999897135566765405e-01 -1.524468598999313815e-04 -8.404200223409284687e-03 -7.912871714321936378e-04 1.488613102788290479e-04 9.999996758524087870e-01 -1.878095651649583364e-02
9.999290603874424477e-01 1.191103630985574334e-02 -3.750615674205405863e-05 7.270820832471063255e+00 -1.191103145172694479e-02 9.999290530591937731e-01 1.271923743222379852e-04 6.474303907430214999e-03 3.901848878386075543e-05 -1.267366143318952919e-04 9.999999912076940056e-01 -1.940920942489062981e-02
9.999310472798393912e-01 1.173242344905096012e-02 5.009250000779927802e-04 7.533554297226635832e+00 -1.173245740712566300e-02 9.999311702464331875e-01 6.490599800209932658e-05 -6.107465619885357744e-03 -5.001290168807379999e-04 -7.077860378456182300e-05 9.999998724306696785e-01 -2.161405986497413889e-02
9.998917958557336227e-01 1.470254903215266126e-02 4.812819890972307841e-04 8.018534772935556276e+00 -1.470256912268238375e-02 9.998919106580929084e-01 3.823219847249955295e-05 -2.368069573447357037e-02 -4.806678568711086788e-04 -4.530414330238452438e-05 9.999998834529661984e-01 -2.231839679477559679e-02
9.998703932003160100e-01 1.609549734150942171e-02 3.629969352165423701e-04 8.260294548020061356e+00 -1.609548706324625753e-02 9.998704587703279856e-01 -3.121875665856665245e-05 -3.577170873498249776e-02 -3.634523935619904541e-04 2.537209802065012632e-05 9.999999336293049490e-01 -2.075709210545154809e-02
9.998701597229804339e-01 1.611051513240277511e-02 3.391131230734833611e-04 8.256175651990853126e+00 -1.611050752959883314e-02 9.998702170357617325e-01 -2.513956152511909783e-05 -3.536595398837683035e-02 -3.394741232535312243e-04 1.967301287482539830e-05 9.999999421851444303e-01 -2.094747296076220414e-02
9.998703923424980822e-01 1.609265647396281376e-02 -4.742620266698905056e-04 8.484958044562405988e+00 -1.609259304706609287e-02 9.998704964198243950e-01 1.372523059115641261e-04 -4.905406141781035179e-02 4.764093622487894624e-04 -1.296024111688328512e-04 9.999998781186598684e-01 -1.666054053605307145e-02
9.998928200846241010e-01 1.464062636501404710e-02 -2.007131210534050193e-05 8.738840228783972819e+00 -1.464062575725695939e-02 9.998928198419314572e-01 3.009961538104135933e-05 -4.075130072055853370e-02 2.050983808146086479e-05 -2.980253273782058028e-05 9.999999993455778169e-01 -1.915079884388828924e-02
9.998685525835118160e-01 1.620970437537838996e-02 -3.507686074631838130e-04 9.232644452505139654e+00 -1.620969103185660246e-02 9.998686134927352587e-01 4.085054368201356385e-05 -6.916615264761045989e-02 3.513846964376500038e-04 -3.515932323293163142e-05 9.999999376463065692e-01 -2.308856306157141408e-02
9.998637335724124275e-01 1.646075074577815073e-02 -1.248187294153581262e-03 9.469324507202630414e+00 -1.646055137971355609e-02 9.998645015230648303e-01 1.698302353843626007e-04 -6.694247642967421363e-02 1.250813699850052401e-03 -1.492612421379697560e-04 9.999992065927701956e-01 -1.810507829950688471e-02
9.998929798088818099e-01 1.461683771843042857e-02 -6.139902507989375207e-04 9.726075195460913037e+00 -1.461680339117560866e-02 9.998931670010722250e-01 6.035883946489208377e-05 -6.005281709201476525e-02 6.148069117404634772e-04 -5.137780507033021791e-05 9.999998096863731423e-01 -2.029165094571314804e-02
9.998868371562921187e-01 1.493479923317308534e-02 -1.806835203173057279e-03 9.983322830758217137e+00 -1.493454231665975081e-02 9.998884613966493307e-01 1.556008777560676057e-04 -8.144491409904253132e-02 1.808957539167802995e-03 -1.285990127172387677e-04 9.999983555661056123e-01 -1.809237642229086923e-02
9.998703810823444948e-01 1.605684691338386816e-02 -1.182667090638570093e-03 1.026208045318846551e+01 -1.605675530197662321e-02 9.998710782169317746e-01 8.691652691867739764e-05 -8.015507174856979777e-02 1.183910224455444939e-03 -6.791546481444769010e-05 9.999992968717877906e-01 -2.067607365610865666e-02
9.998707479467618953e-01 1.592241540990590662e-02 -2.228023316156170670e-03 1.051936951536391440e+01 -1.592200966219721806e-02 9.998732168209010229e-01 1.997311703944293360e-04 -8.648603024526674288e-02 2.230921042942368704e-03 -1.642307459631209905e-04 9.999974980066511643e-01 -1.691444936662045082e-02
9.998865168470034703e-01 1.506060942389774414e-02 -3.625897789949315700e-04 1.080691228592299424e+01 -1.506059766470811516e-02 9.998865821497815443e-01 3.513986199268935502e-05 -8.126531312381304883e-02 3.630778825783683057e-04 -2.967505543157646655e-05 9.999999336469189704e-01 -1.957644821338721738e-02
9.998852824702093578e-01 1.501980626611166235e-02 -1.956353546272090582e-03 1.107877151547475592e+01 -1.501941792856516418e-02 9.998871794848277483e-01 2.130421621501110035e-04 -9.051724022682899884e-02 1.959332681459149354e-03 -1.836344309520368436e-04 9.999980636450448435e-01 -1.663405397860565071e-02
9.998734112580887068e-01 1.586316258142519628e-02 -1.233503963634457546e-03 1.137114711270122136e+01 -1.586301643491185367e-02 9.998741662233309180e-01 1.281748205740966778e-04 -9.301791844524776032e-02 1.235382005189789066e-03 -1.085915014371531702e-04 9.999992310192978850e-01 -1.857581641371808603e-02
9.998967091914724437e-01 1.426931536924492920e-02 -1.719763634033905260e-03 1.163673091238607427e+01 -1.426899038673060637e-02 9.998981725533300224e-01 2.010916567931710682e-04 -9.495699007315100415e-02 1.722457955163081596e-03 -1.765315951118740943e-04 9.999985009864708063e-01 -1.704831475420583858e-02
9.998652265765081149e-01 1.635304282536228712e-02 -1.451438410674384897e-03 1.192696482397996327e+01 -1.635298391394066422e-02 9.998662796426180943e-01 5.244750074528731801e-05 -1.006153856478149700e-01 1.452102000037162367e-03 -2.870508323422446859e-05 9.999989452873436768e-01 -2.212211689768282460e-02
9.998919175417411154e-01 1.460292674223223272e-02 -1.705217071544078145e-03 1.222658683299640714e+01 -1.460272905377485095e-02 9.998933662330398153e-01 1.283251424621327367e-04 -1.013275129929309126e-01 1.706909160478815510e-03 -1.034104498916494345e-04 9.999985378826294902e-01 -2.289812866616288550e-02
9.998725188231839534e-01 1.584922057061875084e-02 -1.936055134913280311e-03 1.253618835554525646e+01 -1.584892317141595175e-02 9.998743836709732546e-01 1.688576260283863428e-04 -1.140080189048119919e-01 1.938488196534393941e-03 -1.381517107706399484e-04 9.999981115870253401e-01 -2.108142287042187243e-02
9.998660624223696392e-01 1.625078153858580329e-02 -1.941472475000195286e-03 1.315301208346864570e+01 -1.625056310051420719e-02 9.998679426578201968e-01 1.282346843866584212e-04 -1.210438338945221681e-01 1.943300003146868635e-03 -9.666748798076129614e-05 9.999981071184557146e-01 -1.985496997116116547e-02
9.998938368054898218e-01 1.442391250683638416e-02 -2.065397393148649986e-03 1.346379223462449914e+01 -1.442369799531413067e-02 9.998959660095322333e-01 1.187181714551388209e-04 -1.191373151646845513e-01 2.066894902133980041e-03 -8.891489971572552912e-05 9.999978600175123411e-01 -2.259045701895289956e-02
9.998726967902207274e-01 1.581442399878153424e-02 -2.119954489616697729e-03 1.377195098716492083e+01 -1.581418441031018710e-02 9.998749395504645809e-01 1.297319983685063375e-04 -1.313718786277792983e-01 2.121741003983640145e-03 -9.619013182843948032e-05 9.999977444787415681e-01 -2.046771484833270760e-02
9.998925250469015147e-01 1.450161821971507337e-02 -2.154396514329523244e-03 1.409260681649226044e+01 -1.450133988281613814e-02 9.998948395636614306e-01 1.447603637622314537e-04 -1.295586997337346002e-01 2.156269216580657209e-03 -1.135031695522788203e-04 9.999976688073308750e-01 -2.086996941130648056e-02
9.998712740514255071e-01 1.590058163563226601e-02 -2.146352819950607654e-03 1.442504560622035115e+01 -1.590042673660425204e-02 9.998735762437215291e-01 8.921426302770933041e-05 -1.409125469061103808e-01 2.147500028637145276e-03 -5.507485307254613739e-05 9.999976926025316848e-01 -2.510695136847284487e-02
9.998889657766777406e-01 1.472025113489215317e-02 -2.317396075651319189e-03 1.473781229731318732e+01 -1.472000256438811897e-02 9.998916471689127672e-01 1.242833170898077419e-04 -1.392871179366201861e-01 2.318974460865211567e-03 -9.015744121193238403e-05 9.999973071109169442e-01 -2.305714082781879296e-02
9.998877595487274395e-01 1.479086732601000466e-02 -2.387163247588627423e-03 1.541990114749055074e+01 -1.479066261486808483e-02 9.998906068218301746e-01 1.033870657996220085e-04 -1.530618551700156371e-01 2.388431292587631528e-03 -6.806773538700471992e-05 9.999971453772975583e-01 -2.716680069135845449e-02
9.998695008618927460e-01 1.597223113306330683e-02 -2.422618174903690570e-03 1.575242229755000167e+01 -1.597196172301242056e-02 9.998724315655985739e-01 1.305136621843520179e-04 -1.585860740110268396e-01 2.424393719674396413e-03 -9.180266550488978914e-05 9.999970569393504816e-01 -2.460791624855284895e-02
9.998902868609884642e-01 1.460396673448652489e-02 -2.477578791507908506e-03 1.610958850629660333e+01 -1.460369451928627584e-02 9.998933521835543514e-01 1.279277997266697984e-04 -1.630161699198229841e-01 2.479182816471346609e-03 -9.173196054755099703e-05 9.999969226141698364e-01 -2.458261105538814620e-02
9.998907693991817558e-01 1.457853448607053862e-02 -2.432201173989226826e-03 1.610948702468004257e+01 -1.457827631079241376e-02 9.998937236138144558e-01 1.238446887562746858e-04 -1.631004456633555477e-01 2.433748162503929051e-03 -8.837386036866506781e-05 9.999970345255740911e-01 -2.481094036754308285e-02
9.998866501449742428e-01 1.484438419156711153e-02 -2.516171662456523003e-03 1.681182989250442006e+01 -1.484418463767142246e-02 9.998898142220695728e-01 9.796630968236079982e-05 -1.735881665380957506e-01 2.517348665663244126e-03 -6.060468847777961989e-05 9.999968296363580533e-01 -2.668406162354085981e-02
9.998397089815023175e-01 1.783103686900869983e-02 -1.615694265869831127e-03 1.716298436618892254e+01 -1.783078203931371536e-02 9.998410041757906930e-01 1.719901537383056807e-04 -1.779065928358968818e-01 1.618504140000773120e-03 -1.431534929644974865e-04 9.999986799748419308e-01 -2.616541543987876972e-02
9.998198041304978689e-01 1.896670755426398125e-02 -7.894764111987920318e-04 1.786495679928030000e+01 -1.896663024541849624e-02 9.998201117449654340e-01 1.052968109206232157e-04 -1.855093935680997008e-01 7.913315274839185674e-04 -9.030412969153611019e-05 9.999996828197386112e-01 -2.872927302609298850e-02
9.998202961521898136e-01 1.894252202681423816e-02 -7.458293444735264628e-04 1.785973439313436373e+01 -1.894243994367654851e-02 9.998205690460754136e-01 1.169673546885116410e-04 -1.882393835733985055e-01 7.479111762953879854e-04 -1.028185076388845183e-04 9.999997150285728775e-01 -2.770131486064949383e-02
9.997994788824779988e-01 1.997771821385814495e-02 -1.375791151707576312e-03 1.821523513158717478e+01 -1.997750495039316010e-02 9.998004155211759336e-01 1.685812594745543958e-04 -1.968639833310641685e-01 1.378884434045511915e-03 -1.410625808280660759e-04 9.999990393890715312e-01 -2.895529115739594456e-02
9.996738237184168430e-01 2.553726339955081706e-02 -3.071648770169395555e-04 1.856451874449424366e+01 -2.553719510986420319e-02 9.996738475061954787e-01 2.242277423678751193e-04 -2.004521906370411166e-01 3.127908573446264097e-04 -2.163104752013627642e-04 9.999999276858263508e-01 -3.301708134382418114e-02
9.992003102647715185e-01 3.997511620835809271e-02 -8.544301683853837513e-04 1.926516586783967711e+01 -3.997441059542904823e-02 9.992003611201181190e-01 8.275475658209167961e-04 -2.118201398758675080e-01 8.868282429142337452e-04 -7.927304421509576192e-04 9.999992925568066404e-01 -3.418025585238953362e-02
9.991220772350072332e-01 4.187830690364387209e-02 -1.132339387491326788e-03 1.963432500500025668e+01 -4.187749656343417448e-02 9.991224860833096688e-01 7.301262125144920021e-04 -2.374820585516045912e-01 1.161922193526463646e-03 -6.820656792828984133e-04 9.999990923612007698e-01 -3.314552816456997619e-02
9.990055706830324178e-01 4.457412908066544360e-02 -1.008345659485228264e-03 1.998586779283983006e+01 -4.457340846020058783e-02 9.990058477804588666e-01 7.261946618226406292e-04 -2.582873056668411049e-01 1.039712705003558715e-03 -6.805271096117933814e-04 9.999992279398740580e-01 -3.421369668019488136e-02
9.990238529900743458e-01 4.416251636564122451e-02 -1.006630578089630097e-03 2.034518799337981676e+01 -4.416178661577230269e-02 9.990241212796009407e-01 7.360057229527256504e-04 -2.845991169251825270e-01 1.038152093514274534e-03 -6.908326683764714126e-04 9.999992224949252329e-01 -3.509572060137278182e-02
9.989401432596223263e-01 4.601764406181083761e-02 -9.831680658442113526e-04 2.071072807863324172e+01 -4.601699257201691956e-02 9.989404288317450531e-01 6.753073939572439878e-04 -2.971314499271565102e-01 1.013202384595527457e-03 -6.293492272809342748e-04 9.999992886699859973e-01 -3.299298419363316803e-02
9.989415700935734277e-01 4.598628036597002949e-02 -1.000778241557710160e-03 2.071017689769792369e+01 -4.598563976844916718e-02 9.989418868236360494e-01 6.539757796263460108e-04 -2.949354196231792069e-01 1.029793218468150673e-03 -6.072621643987359584e-04 9.999992853790401481e-01 -3.269315861857821637e-02
9.989200577205276099e-01 4.645467703558581185e-02 -8.253878707979052636e-04 2.145188445660358312e+01 -4.645421569896932001e-02 9.989202577841532760e-01 5.695895315660780582e-04 -3.314708223453118885e-01 8.509567624011096267e-04 -5.306316615636359540e-04 9.999994971511877440e-01 -3.832374004108611565e-02
9.989815407344810883e-01 4.511298643477455739e-02 -8.364966815234542571e-04 2.183466512323385089e+01 -4.511254946870202343e-02 9.989817679125355676e-01 5.340962262563666869e-04 -3.431521902587303385e-01 8.597396095712373345e-04 -4.958157730804253413e-04 9.999995075071401729e-01 -3.433773449222012747e-02
9.989276630616082953e-01 4.629570559638348376e-02 -4.812625134927542184e-04 2.219651392489106101e+01 -4.629545131065358060e-02 9.989276519052433523e-01 5.267323986919507893e-04 -3.738935716841069179e-01 5.051318806112519138e-04 -5.038872988231391480e-04 9.999997454696541999e-01 -3.831206995333228532e-02
9.989707544921936355e-01 4.535720914744062471e-02 -3.940147873250688954e-04 2.257540825156255337e+01 -4.535706986096241233e-02 9.989707752535847973e-01 3.555318264481950575e-04 -3.765178456393558082e-01 4.097351889662827727e-04 -3.372945406779856458e-04 9.999998591747240040e-01 -4.032285949000918163e-02
9.989183726167124577e-01 4.649707475286084940e-02 -3.269376173914225630e-04 2.294004298834479982e+01 -4.649696148148173974e-02 9.989183714935435665e-01 3.459272705425829077e-04 -3.946001088703584569e-01 3.426685985020906807e-04 -3.303515003314417458e-04 9.999998867230525113e-01 -3.799219819194964154e-02
9.989191107426604876e-01 4.648149168106444767e-02 -2.848230950414924376e-04 2.293337886928294367e+01 -4.648140467506255841e-02 9.989191088831441689e-01 3.048401848512440819e-04 -3.972634279360338638e-01 2.986846588044038951e-04 -2.912717088288055574e-04 9.999999129741293791e-01 -3.766419930402969962e-02
9.988106091116911722e-01 4.875806954178883712e-02 1.333435059221800860e-04 2.367449136047120106e+01 -4.875811064861017285e-02 9.988105632321996330e-01 3.246871633830519235e-04 -4.368081428100804575e-01 -1.173537829619318335e-04 -3.308025608454005524e-04 9.999999383988757984e-01 -4.113467787912730711e-02
9.987061282526813466e-01 5.085264998510629492e-02 2.781726640813415993e-04 2.406925357279272859e+01 -5.085278571705240808e-02 9.987060324973577874e-01 5.048150176961798460e-04 -4.555501832351245839e-01 -2.521415362917678272e-04 -5.183077066860306264e-04 9.999998338908696605e-01 -4.001510960464126077e-02
9.984341384555119880e-01 5.580892844272674486e-02 3.825529071145303446e-03 2.442977883137469419e+01 -5.581063090924179987e-02 9.984413143086563469e-01 3.396455730427852798e-04 -4.751713786659435002e-01 -3.800611018238456498e-03 -5.526189261234671409e-04 9.999926249569096592e-01 -6.137218804667894656e-02
9.984848767115612755e-01 5.496820433434592562e-02 2.539190925431921396e-03 2.479030713155131238e+01 -5.496916653849878015e-02 9.984880040421850733e-01 3.106668893146202325e-04 -4.970078247362141322e-01 -2.518274877964786843e-03 -4.497733995287849385e-04 9.999967279924110164e-01 -5.573428567203464468e-02
9.984899697040022781e-01 5.487102941795307665e-02 2.636385995031785036e-03 2.479053235107552311e+01 -5.487194247419070747e-02 9.984933621183060826e-01 2.751995464045574021e-04 -4.968847781199708935e-01 -2.617313433614330657e-03 -4.194476074111877376e-04 9.999964868608763879e-01 -5.798002251094426518e-02
9.983151934417341389e-01 5.793709238078466328e-02 3.172990679700853859e-03 2.516619552482865174e+01 -5.793831445573571770e-02 9.983201214930454981e-01 2.945167891768972089e-04 -5.169491011433920979e-01 -3.150596994433023639e-03 -4.778583171245992089e-04 9.999949226821140957e-01 -5.599542933325570016e-02
9.984335387728012767e-01 5.587307156261799718e-02 2.944236366139805355e-03 2.552892343705602585e+01 -5.587420185827352698e-02 9.984377706009485154e-01 3.029919284190654358e-04 -5.380006737855314025e-01 -2.922707703831410771e-03 -4.670241603512080260e-04 9.999956198244628336e-01 -5.323341507783113657e-02
9.984170818563692373e-01 5.617594838163382509e-02 2.755627122107723748e-03 2.626541086688815696e+01 -5.617669850225991135e-02 9.984208232607674205e-01 1.955113236705936829e-04 -5.748113293407481894e-01 -2.740292465827948772e-03 -3.500038792723659522e-04 9.999961841399627183e-01 -5.514622689166997355e-02
9.983167445689447028e-01 5.799543061608719574e-02 4.555665912861578079e-04 2.663916533782101936e+01 -5.799545816944400023e-02 9.983168457839302068e-01 4.749463898940922614e-05 -6.102520269985924894e-01 -4.520453304171875744e-04 -7.383548656871685007e-05 9.999998951016645377e-01 -5.758284935876058913e-02
9.984231317163632102e-01 5.611465925087835011e-02 1.547601643669232509e-03 2.701286194530369400e+01 -5.611487444613182801e-02 9.984243144375264389e-01 9.594712208276531904e-05 -6.257603874140528211e-01 -1.539779070041065630e-03 -1.826392980361730089e-04 9.999987978609286010e-01 -5.710181617694180811e-02
9.984223511653230743e-01 5.612749905842449177e-02 1.585100298027272876e-03 2.701002531565691456e+01 -5.612766762426823347e-02 9.984235980183240322e-01 6.202583238495356993e-05 -6.250875097939901925e-01 -1.579120187927522765e-03 -1.508959600815748536e-04 9.999987418041291765e-01 -5.879179649122392992e-02
9.983376499781753122e-01 5.762952648380012532e-02 8.799507414525020461e-04 2.738363743057238153e+01 -5.762947019385597502e-02 9.983380370427057393e-01 -8.921262574046218445e-05 -6.521183285510224747e-01 -8.836295772937637159e-04 3.835322810351706260e-05 9.999996088638235525e-01 -6.304832448493088992e-02
9.984074853780530168e-01 5.640362553389220018e-02 1.060267751675480043e-03 2.776044960839075415e+01 -5.640360291847069246e-02 9.984080483209049062e-01 -5.124311651268009593e-05 -6.620136336071755778e-01 -1.061470154202880838e-03 -8.641410152403923280e-06 9.999994366030601212e-01 -5.945178872831002881e-02
9.983488375945223092e-01 5.743673618067537956e-02 7.872804948423018029e-04 2.814667914702464913e+01 -5.743672435838212409e-02 9.983491479830458593e-01 -3.763649253486248770e-05 -6.850388530331095183e-01 -7.881425285419736736e-04 -7.644464201673084020e-06 9.999996893864101510e-01 -5.800681918550295441e-02
9.983394467202534317e-01 5.760255323338953071e-02 5.431236441750302230e-04 2.889735498819167958e+01 -5.760241963991750980e-02 9.983395686984323225e-01 -2.585007833772220271e-04 -7.315315705077516384e-01 -5.571121298109797974e-04 2.267862929854366186e-04 9.999998190970097456e-01 -6.585405966799062760e-02
9.983369154978387616e-01 5.762714303071085620e-02 1.586045516119264634e-03 2.928644697788659457e+01 -5.762719116059003555e-02 9.983381724658966228e-01 -1.537512176506978582e-05 -7.550522534537694730e-01 -1.584295806351306577e-03 -7.604979650845806983e-05 9.999987421108220698e-01 -6.780381143666228128e-02
9.983369273765899665e-01 5.762560939642549784e-02 1.633578268703904726e-03 2.927839371007909719e+01 -5.762568559556405234e-02 9.983382594889680384e-01 -4.232265611715628484e-07 -7.561036126129087043e-01 -1.630888074205358047e-03 -9.371354500341287153e-05 9.999986657100402576e-01 -6.747532255800255119e-02
9.979808998026428180e-01 6.351027936746767022e-02 7.536867874799459913e-04 2.965575328184791815e+01 -6.351031454901992501e-02 9.979811818994456241e-01 2.281381432147326925e-05 -7.877123908039610489e-01 -7.507163192302386111e-04 -7.063463588876601530e-05 9.999997157178377449e-01 -6.946601489627832193e-02
9.976097902686765773e-01 6.907654628056661417e-02 1.771190005598267904e-03 3.004383867386567175e+01 -6.907770373628194238e-02 9.976111015315457520e-01 6.007890964663897913e-04 -8.029067862486402030e-01 -1.725458376679632174e-03 -7.217028229889233849e-04 9.999982509676832443e-01 -6.657369660347786655e-02
9.971512599782673680e-01 7.541742526616837528e-02 1.255663161775283235e-03 3.039748174292368788e+01 -7.541861397737159578e-02 9.971515290101219398e-01 9.278246107153521492e-04 -8.327490751287871529e-01 -1.182112298447170759e-03 -1.019881854897194745e-03 9.999987812250152874e-01 -6.849435452959375115e-02
9.970232808882234510e-01 7.708679989140408695e-02 1.484132536331472926e-03 3.077727462810171488e+01 -7.708801690130236139e-02 9.970239855341964663e-01 7.809735789428313025e-04 -8.681430965386264242e-01 -1.419512982433740857e-03 -8.930576740090929479e-04 9.999985937144529879e-01 -7.210932812205500531e-02
9.968353858466243445e-01 7.948369825879532391e-02 1.247090660868239000e-03 3.115201567521131665e+01 -7.948481951189183270e-02 9.968356909129257870e-01 8.768063137181614144e-04 -8.913278132787273433e-01 -1.173452672086667528e-03 -9.731563361420776919e-04 9.999988379871107558e-01 -7.247912944099199617e-02
9.968792834893875909e-01 7.893158170308472998e-02 1.224565038886325091e-03 3.152646041092060258e+01 -7.893273238922210444e-02 9.968795185143369819e-01 9.215878661446111906e-04 -9.181459421062849735e-01 -1.148001418401325361e-03 -1.015370116182365192e-03 9.999988255574455698e-01 -6.823898354788246468e-02
9.967416784591842660e-01 8.065198232048778615e-02 1.133212311916669121e-03 3.192867516736946243e+01 -8.065308394491632615e-02 9.967417687564066320e-01 9.625313107534414023e-04 -9.575028290044591550e-01 -1.051889985898555148e-03 -1.050792141970331587e-03 9.999988946810550727e-01 -6.768360836108418266e-02
9.967483829676643259e-01 8.056824971208149944e-02 1.190877692323056864e-03 3.192690856249627629e+01 -8.056944788260940460e-02 9.967485010332797213e-01 9.948647152053327093e-04 -9.592023030672137685e-01 -1.106851045932576161e-03 -1.087578154318685937e-03 9.999987960265354081e-01 -6.744160221713593750e-02
9.968323502065993269e-01 7.952295611379250895e-02 1.168346058108128563e-03 3.229697741352558893e+01 -7.952422545591933400e-02 9.968323449274454351e-01 1.083361475513165868e-03 -9.895423545639067120e-01 -1.078493033718056155e-03 -1.172841581094603847e-03 9.999987306468952619e-01 -6.859082532188115477e-02
9.967981378260825087e-01 7.995408914642393450e-02 9.033577474605064984e-04 3.307020979164681052e+01 -7.995483580712620109e-02 9.967981474904255013e-01 8.230374909199772914e-04 -1.058985389423999113e+00 -8.346601162698915905e-04 -8.926300586833848085e-04 9.999992532767555398e-01 -6.797434183809983321e-02
9.967181515558404259e-01 8.094715226452853241e-02 6.963471634190492813e-04 3.344981430413825763e+01 -8.094767045679224227e-02 9.967180696081732183e-01 7.512417555621099877e-04 -1.075803609394137439e+00 -6.332509197252041144e-04 -8.051439746833979286e-04 9.999994753680887527e-01 -7.058824448989577116e-02
9.967895560121465826e-01 8.006389436175628815e-02 5.948484993733040276e-04 3.384035541933965874e+01 -8.006436275090339505e-02 9.967893664549444255e-01 8.103947447113195009e-04 -1.118267930549202482e+00 -5.280552995951006117e-04 -8.554191838110277628e-04 9.999994947076825680e-01 -7.065194602894521447e-02
9.967964848797153943e-01 7.997707571184781150e-02 6.596150579400667045e-04 3.384125930829439000e+01 -7.997758951052449938e-02 9.967963462680574649e-01 7.932482189711090185e-04 -1.117580822014881958e+00 -5.940602068311106026e-04 -8.434614586463876811e-04 9.999994678324776176e-01 -7.126831672446060084e-02
9.967117484269313321e-01 8.102795437050065719e-02 4.014452162749978050e-04 3.423434665241004637e+01 -8.102817398515281544e-02 9.967116513626335106e-01 5.648527276878711340e-04 -1.146175564243123279e+00 -3.543562633999370140e-04 -5.955237226473370817e-04 9.999997598915383312e-01 -7.313245978365806588e-02
9.968088993996564451e-01 7.982396283026539641e-02 3.911977990891746877e-04 3.462338284437556979e+01 -7.982417313030985839e-02 9.968088047130678753e-01 5.551851648823187676e-04 -1.181688858793336294e+00 -3.456323305509820536e-04 -5.846405540120513901e-04 9.999997693668307708e-01 -7.293628692554857129e-02
9.967072470407637441e-01 8.108376367489410208e-02 2.948978395826543412e-04 3.502637940339999290e+01 -8.108393020439023935e-02 9.967070934590938069e-01 6.050710162515827561e-04 -1.211268424524317489e+00 -2.448653332695222029e-04 -6.269901427144177700e-04 9.999997734621390855e-01 -7.582444858511123986e-02
9.968080286718679073e-01 7.983566612779965932e-02 1.427908785102151290e-04 3.542099808034861752e+01 -7.983573577648755970e-02 9.968078663398515227e-01 5.769714201046151738e-04 -1.249244158210814692e+00 -9.627217327980602021e-05 -5.865295587225237807e-04 9.999998233573570428e-01 -7.679649010470658566e-02
9.967246705582007982e-01 8.086984038430111710e-02 -4.106553364181182481e-06 3.582269553649194194e+01 -8.086983219258417344e-02 9.967245900257417635e-01 4.023420936180860255e-04 -1.273067563600259522e+00 3.663044360911246999e-05 -4.006921944317323432e-04 9.999999190519847092e-01 -7.910251322759229153e-02
9.967863934933457459e-01 8.010543069946578221e-02 7.562395093155721603e-05 3.622098457934242788e+01 -8.010545166782571946e-02 9.967863385107892382e-01 3.346212006157252110e-04 -1.307819566227750974e+00 -4.857594575629150022e-05 -3.396037504944399849e-04 9.999999411548333716e-01 -7.739890835195199770e-02
9.967109973492210839e-01 8.103817076779511186e-02 -5.139776873861881193e-05 3.662271945285816344e+01 -8.103816882417073930e-02 9.967109980758422916e-01 3.883662456416865855e-05 -1.344883911682450028e+00 5.437597039181593395e-05 -3.454370974280392755e-05 9.999999979249929449e-01 -8.068311756135346235e-02
9.967908595148951001e-01 8.004955764788854178e-02 -2.251842225423967734e-04 3.703608623563401636e+01 -8.004949526720736563e-02 9.967908524095341338e-01 2.736058108694642459e-04 -1.376638930694647600e+00 2.463635972672063813e-04 -2.547018880281856808e-04 9.999999372159611433e-01 -7.552592694494347780e-02
9.967170260144502247e-01 8.096370070867844881e-02 -2.218568574491018043e-04 3.744273813847504329e+01 -8.096363794391514546e-02 9.967170168572729860e-01 2.786360086666882642e-04 -1.408934144354521578e+00 2.436879075383485075e-04 -2.597589156169142805e-04 9.999999365707527010e-01 -8.252907328096556472e-02
9.966973435272658000e-01 8.120433058115709979e-02 -5.119575740505469567e-04 3.826174254677099640e+01 -8.120419393821369514e-02 9.966974461654750650e-01 2.823013724438497339e-04 -1.475951547832370148e+00 5.331909005726970458e-04 -2.397959258575482928e-04 9.999998291026741537e-01 -8.120324535969919433e-02
9.967735336911562882e-01 8.026360095946741269e-02 -5.262070549097960011e-04 3.868626110797116269e+01 -8.026350475342541868e-02 9.967736599661398689e-01 2.015003796186873070e-04 -1.506927751443816410e+00 5.406824780853365219e-04 -1.586150229795899903e-04 9.999998412518535940e-01 -8.137157606904017737e-02
9.967776117649540524e-01 8.021355755423936751e-02 -4.217447654655177326e-04 3.868423215028009565e+01 -8.021349315086342968e-02 9.967776920970962129e-01 1.674936500586394355e-04 -1.507019640690503204e+00 4.338210355136982435e-04 -1.331242996351647784e-04 9.999998970386096975e-01 -8.062115378773053453e-02
9.967231409294105005e-01 8.088717547733839663e-02 -4.951556410160802210e-04 3.909431874683235719e+01 -8.088716276607793576e-02 9.967232639069497635e-01 4.567637199166192153e-05 -1.543215593809418307e+00 4.972277793719431099e-04 -5.474962028380093326e-06 9.999998763672725000e-01 -8.577832232494773945e-02
9.967942307380656120e-01 8.000660624501496065e-02 -4.522438095233927233e-04 3.951443417582358109e+01 -8.000663318940456903e-02 9.967943302910732273e-01 -4.177639013992619861e-05 -1.581407071604252979e+00 4.474516780458907784e-04 7.782496925325807697e-05 9.999998968651296893e-01 -8.335113123725160222e-02
9.967815375067300421e-01 8.016451454786996389e-02 -4.659324238884922972e-04 4.035815306926387080e+01 -8.016460194306412879e-02 9.967816245365098693e-01 -1.719932158938055505e-04 -1.640563230457288135e+00 4.506451257501512377e-04 2.087909494727424381e-04 9.999998766626474467e-01 -8.851220799628332914e-02
9.967104529413980396e-01 8.104447983494464380e-02 2.555105406194665366e-04 4.079200378768207713e+01 -8.104440270139348645e-02 9.967104471050423076e-01 -2.990358523128775685e-04 -1.680772201944711997e+00 -2.789052302835760356e-04 2.773444606560704242e-04 9.999999226459583834e-01 -8.740847342784835439e-02
9.967799034038404837e-01 8.018601756224827404e-02 -1.635779241057439492e-04 4.121065127706143016e+01 -8.018605098599204672e-02 9.967798921908969101e-01 -2.091678175325864530e-04 -1.711286413193360278e+00 1.462788512648090342e-04 2.216109447178495908e-04 9.999999647455427576e-01 -8.971886580648724685e-02
9.967098041490458638e-01 8.105041296433196374e-02 6.299773662089989869e-04 4.164541765081784064e+01 -8.105017886502663416e-02 9.967099464871231884e-01 -3.886895718170985049e-04 -1.746630523281550440e+00 -6.594081572729754582e-04 3.363509287884390250e-04 9.999997260244298802e-01 -8.883658251608822498e-02
9.967137959461396246e-01 8.100068441726146484e-02 7.057581543622918436e-04 4.163981767827090152e+01 -8.100041882632211254e-02 9.967139882716771204e-01 -3.971568047353407735e-04 -1.746171869905745133e+00 -7.356089977942329881e-04 3.386849603401634692e-04 9.999996720858962407e-01 -8.889519872213841323e-02
9.967174188974855520e-01 8.095192754968649762e-02 1.082724491515367222e-03 4.248339786792763562e+01 -8.095148830500284443e-02 9.967179439305442479e-01 -4.436080177873859970e-04 -1.816526630643091167e+00 -1.115081853142825454e-03 3.545036794788268726e-04 9.999993154595666622e-01 -8.712029495645241817e-02
9.967948419884979927e-01 7.999265631976497370e-02 1.103594143344662805e-03 4.290299580105644850e+01 -7.999222833564227642e-02 9.967953959155501087e-01 -4.267170726806781677e-04 -1.840572966117746789e+00 -1.134191793186047331e-03 3.370704223322272108e-04 9.999992999960083395e-01 -8.838675101610260487e-02
9.967094991893052924e-01 8.103910333584270209e-02 1.684623497050205792e-03 4.332202905158587214e+01 -8.103833387837304503e-02 9.967108496543997109e-01 -5.202147845465972470e-04 -1.880944194746801745e+00 -1.721240256774381455e-03 3.819839359630043847e-04 9.999984457089176049e-01 -8.685591968605710367e-02
9.967704133048278514e-01 8.027875663753350488e-02 2.016033941763411587e-03 4.373266247875192647e+01 -8.027762840894167584e-02 9.967723409514355204e-01 -6.345795703967856008e-04 -1.908898928465813327e+00 -2.060470130468099875e-03 4.706877170225070304e-04 9.999977664554628998e-01 -8.888510421649814530e-02
