1.000000000000000000e+00 0.000000000000000000e+00 0.000000000000000000e+00 0.000000000000000000e+00 0.000000000000000000e+00 1.000000000000000000e+00 0.000000000000000000e+00 0.000000000000000000e+00 0.000000000000000000e+00 0.000000000000000000e+00 1.000000000000000000e+00 0.000000000000000000e+00
9.999999975768365523e-01 -1.877860906607174934e-05 6.703499612022830389e-05 8.054956998060724960e-02 1.877633370770422880e-05 9.999999992476504840e-01 3.394331124428964932e-05 -2.008781369053659442e-03 -6.703563347796683057e-05 -3.394205249058220817e-05 9.999999971770804352e-01 -2.019720624761140847e-03
9.999999895556566099e-01 -1.292710519097252191e-04 6.463498890070537377e-05 1.193012677930996579e-01 1.292674094388171003e-04 9.999999900569984668e-01 5.635547775294732928e-05 -8.530423651681245945e-03 -6.464227338992957310e-05 -5.634712196677706537e-05 9.999999963231891442e-01 -6.364908453283415861e-04
9.999999681442289790e-01 -2.521038327165323338e-04 1.245787403979255617e-05 3.652965722590760800e-01 2.521034618752507144e-04 9.999999677790860630e-01 2.976023153771150561e-05 -9.456341403617531810e-03 -1.246537630682165619e-05 -2.975708991650334375e-05 9.999999994795649716e-01 -1.357715344723459637e-03
9.999999604944982412e-01 -2.725682521930895418e-04 6.868442169351139008e-05 5.283514556348799518e-01 2.725626688831592659e-04 9.999999595511227524e-01 8.128557302834870800e-05 -1.527041701381563407e-02 -6.870657478187249087e-05 -8.126684900783387564e-05 9.999999943375529332e-01 -3.062090216942862063e-03
9.999999750726520364e-01 -2.185013998346236220e-04 4.595469091096920483e-05 6.171659852476485408e-01 2.185006502549311977e-04 9.999999759956321732e-01 1.631566508911947845e-05 -1.901473796969136570e-02 -4.595825480351710147e-05 -1.630562355256690485e-05 9.999999988109827820e-01 -3.155859685366329236e-03
9.999999303456064137e-01 -3.532857824985152057e-04 1.204073843366696415e-04 8.026471513074959763e-01 3.532769492827217352e-04 9.999999349057910880e-01 7.337445519019126399e-05 -2.293762296923399641e-02 -1.204332986506634752e-04 -7.333191292592851774e-05 9.999999900591255431e-01 -5.771617594413858132e-03
9.999999501837972815e-01 -2.978406867946946368e-04 1.045147277199682791e-04 9.093297042695072108e-01 2.978309903246781788e-04 9.999999513443396104e-01 9.277941397967267266e-05 -1.927555739732577517e-02 -1.045423561191153060e-04 -9.274828163289422500e-05 9.999999902343259528e-01 -6.149443803769605657e-03
9.999999866530935311e-01 -1.511935082697107575e-04 6.192201482144819445e-05 1.151121551075031668e+00 1.511935620410729576e-04 9.999999885698803714e-01 -8.636921115361334824e-07 -2.251827802647350663e-02 -6.192188352903174836e-05 8.730543099981304030e-07 9.999999980824590962e-01 -6.340289126670188048e-03
9.999999711489475640e-01 -2.112346562929156874e-04 1.143766759811293661e-04 1.322017706563848094e+00 2.112197746420776273e-04 9.999999692291431375e-01 1.301073383348685236e-04 -1.604754333772430083e-02 -1.144041556405553866e-04 -1.300831759654098266e-04 9.999999849950281794e-01 -7.453742089849913280e-03
9.999999696403413241e-01 -2.409957486235772789e-04 5.138448834569854328e-05 1.413204578711530157e+00 2.409922988383377961e-04 9.999999687079805799e-01 6.713233021982051632e-05 -1.707518759958389157e-02 -5.140066534395230561e-05 -6.711994491573481509e-05 9.999999964264423280e-01 -7.285837955313164381e-03
9.999999558437302483e-01 -2.835193188057471354e-04 8.904680517040421432e-05 1.542481950542583080e+00 2.835098111010322442e-04 9.999999541115527357e-01 1.067664715321462967e-04 -1.524793107087100627e-02 -8.907707144146468367e-05 -1.067412211748241694e-04 9.999999903357934539e-01 -7.254215255198528597e-03
9.999999893309020615e-01 -9.940403534688869080e-05 1.070375328321651614e-04 1.625789197648070283e+00 9.939070519622530324e-05 9.999999873062256350e-01 1.245352812929476473e-04 -1.610577059317193360e-02 -1.070499107829584628e-04 -1.245246414283979067e-04 9.999999865169650892e-01 -6.860695500344365753e-03
9.999999565406835211e-01 -2.557568951111008500e-04 1.466527932055698756e-04 1.767422029513633586e+00 2.557418451917605764e-04 9.999999620313524407e-01 1.026323647417131941e-04 -1.734502157002010617e-02 -1.466790365723059030e-04 -1.025948550254438527e-04 9.999999839797778511e-01 -8.202201781219024476e-03
9.999999821789326004e-01 -1.479794072297293086e-04 1.172357858651376926e-04 2.029885749289389807e+00 1.479681288633920473e-04 9.999999844249909398e-01 9.620525357009950625e-05 -1.679126869207342790e-02 -1.172500204355849367e-04 -9.618790469574890420e-05 9.999999885001598088e-01 -9.009619876307762426e-03
9.999999898956104527e-01 -7.726107723328689550e-05 1.193293965953371192e-04 2.320882779590144551e+00 7.724803291265678815e-05 9.999999910415630078e-01 1.093142964601748402e-04 -1.337083084655071689e-02 -1.193378412666337474e-04 -1.093050773944649531e-04 9.999999869054397861e-01 -8.137629858655506462e-03
9.999999844831338747e-01 -1.305801610681058878e-04 1.182478480554385175e-04 2.461827599826563517e+00 1.305661546746408083e-04 9.999999844611056066e-01 1.184494314412258754e-04 -1.854195076168576456e-02 -1.182633133638337042e-04 -1.184339904364427630e-04 9.999999859935891910e-01 -8.768065410000632637e-03
9.999999844585749642e-01 -1.534047566944285218e-04 8.688976079132940437e-05 2.610541192456440118e+00 1.533966068413920576e-04 9.999999838360624782e-01 9.379422085184042706e-05 -9.975069312437013364e-03 -8.690414786647784439e-05 -9.378089079966992218e-05 9.999999918264067533e-01 -1.041896453777478235e-02
9.999999682532014766e-01 -2.425071718478604462e-04 6.843878722655787820e-05 2.757499162026349371e+00 2.425004973777274500e-04 9.999999658420566373e-01 9.751612311717908264e-05 -1.394959657998938798e-02 -6.846243324805636392e-05 -9.749952358141201418e-05 9.999999929033690504e-01 -1.123660202316855740e-02
9.999999494939465494e-01 -3.165766463663420138e-04 2.813061374430594699e-05 2.927202831755799206e+00 3.165741237812275859e-04 9.999999458733493940e-01 8.963326621537781342e-05 -1.682708877316854007e-02 -2.815898802051137353e-05 -8.962435626395775514e-05 9.999999955872730384e-01 -1.279363042246520719e-02
9.999999849196976598e-01 -1.164110048266906090e-04 -1.288762293172310204e-04 3.285165308844798737e+00 1.164128779195549072e-04 9.999999931185092894e-01 1.452663857451637789e-05 2.901773628349469530e-03 1.288745373697772428e-04 -1.454164120820051410e-05 9.999999915899471237e-01 -5.573440063852392809e-03
9.999999876489212847e-01 -1.246678217374441939e-04 -9.570836662313840916e-05 3.408371407514770635e+00 1.246864407719124772e-04 9.999999733002485902e-01 1.945579442327375588e-04 -1.300211765224622285e-03 9.568410895263959495e-05 -1.945698753653234267e-04 9.999999764935572077e-01 -1.024093408373050185e-02
9.999999449957194253e-01 -1.017929552999885051e-04 3.156687382788241568e-04 3.745742020914916814e+00 1.016943509722077369e-04 9.999999460426238773e-01 3.123667850742009719e-04 -9.322038885496139460e-03 -3.157005179843575308e-04 -3.123346661652292569e-04 9.999999013901147427e-01 -1.431288432498574459e-02
9.999999069680842734e-01 -2.268733880700882384e-05 -4.307541147752773792e-04 3.871432555167041656e+00 2.272412783600546125e-05 9.999999960951075906e-01 8.540139782136001937e-05 -1.073896851754038012e-02 4.307521755627819349e-04 -8.541117838787441773e-05 9.999999035787422441e-01 -7.652374621450155207e-03
9.999999765087628223e-01 -1.292118234969064691e-04 -1.740309697989385687e-04 3.991422054140189690e+00 1.292404088545566314e-04 9.999999781589011816e-01 1.642532004178138833e-04 -6.978612128020269222e-03 1.740097425423697483e-04 -1.642756883929931573e-04 9.999999713670534307e-01 -1.277286241112141410e-02
9.999999761636237938e-01 -1.645784739520882102e-04 -1.434805835399557245e-04 4.259149050990324703e+00 1.646002621414907412e-04 9.999999749232483248e-01 1.518560385292844629e-04 -1.356697840753506509e-02 1.434555877068472058e-04 -1.518796518512497090e-04 9.999999781765326334e-01 -1.345422304550915327e-02
9.999998533410227042e-01 -2.124670508680830312e-04 -4.981723450177745092e-04 4.377485172829076454e+00 2.125129414007909947e-04 9.999999731809895431e-01 9.206666004666415760e-05 -1.412190342352824708e-02 4.981527705255418869e-04 -9.217251461462620593e-05 9.999998716740141624e-01 -1.066805449269377440e-02
9.999997288907294113e-01 -4.037927445444984683e-04 -6.157677216513669479e-04 4.766355203337566238e+00 4.038415679142355478e-04 9.999999153223357862e-01 7.916633993068881590e-05 -1.426235803094204335e-02 6.157357027159183994e-04 -7.941499107014280496e-05 9.999998072813832684e-01 -1.089696782491474288e-02
9.999998965968893705e-01 -1.792084386530349389e-04 -4.179599813319257416e-04 4.973997765853610531e+00 1.792822480690794474e-04 9.999999683415712326e-01 1.765636770410612048e-04 -8.366909102053900552e-03 4.179283263990841123e-04 -1.766385915888839036e-04 9.999998970673557031e-01 -1.328751551118304355e-02
9.999999652602279410e-01 -2.540828612466885877e-04 7.015299390708418649e-05 5.262411303280071451e+00 2.540701710386576956e-04 9.999999513720750910e-01 1.808430138457936282e-04 -1.688554329527583095e-02 -7.019893960608406761e-05 -1.808251837801877005e-04 9.999999811871806976e-01 -1.867230981155532793e-02
9.999997612728727114e-01 -1.182364692194586681e-04 -6.807894938524335603e-04 5.353609862501113703e+00 1.183667927027352786e-04 9.999999746790454447e-01 1.913928181164505072e-04 -9.821850147608748166e-03 6.807668470031457558e-04 -1.914733552946858988e-04 9.999997499471958706e-01 -1.233885472586253654e-02
9.999998267019564180e-01 -2.077345446200955497e-04 -5.508560756396507514e-04 5.618636375534934224e+00 2.078346277045167853e-04 9.999999619066682888e-01 1.816354304010050970e-04 -1.503127690687315089e-02 5.508183227022863445e-04 -1.817498858913396806e-04 9.999998317830630645e-01 -1.545978574589669877e-02
9.999999976104786414e-01 -2.300109484121850922e-05 6.519196558543184899e-05 5.869512488706176256e+00 2.298400794325569489e-05 9.999999653903048902e-01 2.620899165913714510e-04 -9.668840569610296157e-03 -6.519799168418623182e-05 -2.620884175924471145e-04 9.999999635294409828e-01 -1.982383157680504132e-02
9.999998462323200776e-01 -1.798017583821950372e-04 -5.246014333386824022e-04 6.253462843652672909e+00 1.799360374396746852e-04 9.999999510619430598e-01 2.559279859890292242e-04 -1.552889248255450751e-02 5.245553913638075806e-04 -2.560223413387267702e-04 9.999998296470865577e-01 -1.816576950797132994e-02
9.999997160043696542e-01 -1.542193173086112254e-04 7.377042647795853522e-04 6.513188370388419912e+00 1.540763836480794576e-04 9.999999693495412734e-01 1.938075967357394316e-04 -1.786868182547205613e-02 -7.377341310438690963e-04 -1.936938788899098419e-04 9.999997091154743112e-01 -2.765778213938626176e-02
9.999997500692383579e-01 -2.569777536183479863e-04 -6.586530915293974889e-04 6.653997507656422172e+00 2.572077324631208287e-04 9.999999059851308880e-01 3.491044425895463757e-04 -1.887303013323606352e-02 6.585633175307783940e-04 -3.492737660057591907e-04 9.999997221510580347e-01 -1.495434423583932339e-02
9.999996651792721902e-01 -2.206319798167886740e-05 8.180186788265664645e-04 6.958960803727785915e+00 2.186045223303263195e-05 9.999999690442926692e-01 2.478578915675976177e-04 -1.538314924089524346e-02 -8.180241220419527020e-04 -2.478399263213837715e-04 9.999996347058865975e-01 -2.743719390703483127e-02
9.999981363236759568e-01 -2.865818593666810601e-04 1.909245927740776949e-03 7.392849152386188116e+00 2.861607044649059359e-04 9.999999346672132639e-01 2.208565609001085462e-04 -1.660407345059146042e-02 -1.909309096488295745e-03 -2.203097981352859650e-04 9.999981529994776963e-01 -2.971972389507319262e-02
9.999998565284015095e-01 -4.371925668174185065e-04 -3.095251782307208198e-04 7.562329707001606671e+00 4.373070314856265578e-04 9.999998359918419455e-01 3.698362468317959568e-04 -1.587801103107976119e-02 3.093634378080119566e-04 -3.699715513076605737e-04 9.999998837076504721e-01 -2.302014511864719157e-02
9.999998155336300432e-01 -3.578576936046219247e-04 4.907856731015021456e-04 7.784061961742782643e+00 3.577436257224324116e-04 9.999999089846355327e-01 2.324870295989679421e-04 -1.420112870683416448e-02 -4.908688257046704261e-04 -2.323114112667816087e-04 9.999998525395912274e-01 -2.288765196391072052e-02
9.999998649044299359e-01 -1.672150311718238747e-04 -4.921689295801403696e-04 8.214552397086970714e+00 1.673910062523627468e-04 9.999999220760255048e-01 3.575306896463046366e-04 -2.214125219912855408e-02 4.921091067229671750e-04 -3.576130259978608258e-04 9.999998149707582940e-01 -2.417613317875993983e-02
9.999999820766446446e-01 -1.642772216260246065e-04 -9.412600518231896982e-05 8.509729619302103032e+00 1.643141304718099909e-04 9.999999095711038510e-01 3.922482002833420920e-04 -1.382675035533082603e-02 9.406155922607787288e-05 -3.922636594856345133e-04 9.999999186408189411e-01 -2.564306603899033088e-02
9.999994613139874255e-01 -9.457767825453375094e-04 -4.276423887425086115e-04 8.681205688523375485e+00 9.459081327933829223e-04 9.999995054883522583e-01 3.070518771218637183e-04 -1.787022822530656696e-02 4.273517747319474538e-04 -3.074562221307511355e-04 9.999998614205564129e-01 -2.552059307870149438e-02
9.999995942652383230e-01 8.592466966211384114e-04 -2.704893216389104432e-04 8.959387181129793376e+00 -8.591671688777464044e-04 9.999995876997493927e-01 2.939933793626917482e-04 -2.080047285251556202e-02 2.707418229561411828e-04 -2.937608645346738911e-04 9.999999202017066935e-01 -2.619096745862220521e-02
9.999998398586689152e-01 1.744173720632033876e-04 -5.383876082982756630e-04 9.444336641597050885e+00 -1.742385098916309871e-04 9.999999296263522020e-01 3.322472456934631659e-04 -2.418388012016093117e-02 5.384455201014447939e-04 -3.321533846323329446e-04 9.999997998752554462e-01 -2.405629531060267390e-02
9.999996340093713076e-01 6.547489312053777002e-04 -5.507131381460108905e-04 9.921310841809120262e+00 -6.545230416555181813e-04 9.999997016444721609e-01 4.102566936328607403e-04 -2.435747671337192000e-02 5.509815889693779091e-04 -4.098960890444965284e-04 9.999997642022145916e-01 -2.785875645785573784e-02
9.999992263007854154e-01 -8.691592340138138513e-04 -8.899213765892906823e-04 1.024597985302220948e+01 8.694806845420201312e-04 9.999995568810888802e-01 3.608891313609612051e-04 -1.812738384435594666e-02 8.896073121273217598e-04 -3.616626215890291168e-04 9.999995388993828671e-01 -2.851133205298720871e-02
9.999996317508703658e-01 1.217511894606216775e-04 -8.495144328174588462e-04 1.045194932320055692e+01 -1.214586998704378368e-04 9.999999333370881427e-01 3.443451807938862339e-04 -2.139768693567941152e-02 8.495563006216997433e-04 -3.442418730705419281e-04 9.999995798757241872e-01 -3.096412181711799549e-02
9.999989822108878990e-01 -1.041446513390823902e-03 -9.751750345611848603e-04 1.076637754742148090e+01 1.041809000087598209e-03 9.999993883922737581e-01 3.712803330883853066e-04 -2.415975401749613505e-02 9.747877695282138998e-04 -3.722959013309713652e-04 9.999994555921348782e-01 -3.467646043509815812e-02
9.999993762667499508e-01 4.770530119592243700e-04 -1.009894318645720599e-03 1.104557402469944449e+01 -4.768153800597533165e-04 9.999998585860117029e-01 2.355314201862355290e-04 -2.824958317441653502e-02 1.010006536805947925e-03 -2.350497401340920949e-04 9.999994623190631149e-01 -3.470037320119729457e-02
9.999989372888921091e-01 -8.402237906864456476e-04 -1.191404661693101210e-03 1.132100885894936759e+01 8.405508967436566741e-04 9.999996091768691420e-01 2.740808256237879832e-04 -2.304504679730451713e-02 1.191173906834341141e-03 -2.750819706118208877e-04 9.999992527170373791e-01 -3.333276363942711679e-02
9.999986394054859451e-01 -9.878656400295745751e-04 -1.321101303481513230e-03 1.190054907522258176e+01 9.883581409343175465e-04 9.999994423094418217e-01 3.721948287560012249e-04 -2.489674716893430090e-02 1.320732888233065033e-03 -3.735000435780540056e-04 9.999990580807340823e-01 -3.547373198379843995e-02
9.999990922387119729e-01 6.745195312132960591e-04 -1.166424088422842939e-03 1.221815924885575377e+01 -6.739310844632503137e-04 9.999996454931778800e-01 5.048073017900600850e-04 -2.515128880786583060e-02 1.166764177302102509e-03 -5.040207540946788339e-04 9.999991923118908277e-01 -3.538994583801595428e-02
9.999988296817843292e-01 -6.848742846520662706e-04 -1.368057848146840951e-03 1.247016192455687467e+01 6.853738591784518802e-04 9.999996986154138234e-01 3.647351843362552819e-04 -2.190726288182568565e-02 1.367807638086832684e-03 -3.656723885669889602e-04 9.999989976924824608e-01 -3.637431015196510714e-02
9.999988827909401801e-01 5.152199415651670085e-04 -1.403198233764776448e-03 1.280981025176264865e+01 -5.146926395848376449e-04 9.999997968122219527e-01 3.761209931102500932e-04 -2.806978161931929228e-02 1.403391733688136864e-03 -3.753983571016718409e-04 9.999989447833008693e-01 -3.957056799908682115e-02
9.999987321769827631e-01 -9.162230047400496879e-04 -1.302374689781538118e-03 1.309962534861951511e+01 9.168128165471090387e-04 9.999994774170576362e-01 4.523492799761301723e-04 -2.079104870943280017e-02 1.301959556366248747e-03 -4.535427402848395345e-04 9.999990495996965434e-01 -4.065383002931988871e-02
9.999987251472172156e-01 -6.727386144927557064e-04 -1.448145951506318906e-03 1.369919712007626167e+01 6.734909801001302907e-04 9.999996384661491433e-01 5.191121948201883694e-04 -2.248360666260691004e-02 1.447796201133826717e-03 -5.200868462647701817e-04 9.999988166972160197e-01 -4.277817752268033014e-02
9.999986267061397038e-01 -8.690727485550829665e-04 -1.411133725911375460e-03 1.432059782560095407e+01 8.697526673991950487e-04 9.999995059486667115e-01 4.812823704751455472e-04 -2.000153773672713742e-02 1.410714759346336656e-03 -4.825090468551894310e-04 9.999988885338260136e-01 -4.718135980180401812e-02
9.999990422272134749e-01 2.948055107323864846e-04 -1.352270079033139659e-03 1.464287607468439489e+01 -2.940561394876030051e-04 9.999998031283003908e-01 5.543233238034937956e-04 -2.107232520360559011e-02 1.352433230380015736e-03 -5.539251495687142184e-04 9.999989320450727304e-01 -4.915874716869987615e-02
9.999986160525565770e-01 -8.766195264379759251e-04 -1.414012438900897261e-03 1.496658252616393803e+01 8.773059458505057641e-04 9.999994976060787577e-01 4.848936661853315297e-04 -1.909629380629983622e-02 1.413586661253619014e-03 -4.861335166381362729e-04 9.999988827228534216e-01 -4.687233018776107429e-02
9.999988315807980532e-01 3.916343178415823429e-04 -1.477653409919935448e-03 1.530032809249138026e+01 -3.909205490863443223e-04 9.999998068011122232e-01 4.832999715664523127e-04 -2.408788340389378044e-02 1.477842401293617304e-03 -4.827217617871199591e-04 9.999987914800385624e-01 -4.530760464765865719e-02
9.999988102939519896e-01 -5.461422669632303882e-04 -1.442615439009407559e-03 1.562060206464046352e+01 5.468901771894374561e-04 9.999997162433378328e-01 5.180968808122558226e-04 -1.916326381764852163e-02 1.442332075052672356e-03 -5.188852166423192809e-04 9.999988252174685233e-01 -5.090528199858598835e-02
9.999985425074483514e-01 -6.917522533701117972e-04 -1.560916973727703152e-03 1.631547191762394888e+01 6.925671085694652110e-04 9.999996241649455886e-01 5.215561022138912733e-04 -1.390715492247296230e-02 1.560555599471421867e-03 -5.226363818049686513e-04 9.999986457577997312e-01 -4.973627052985492986e-02
9.999986569064847064e-01 -6.638167840375031221e-04 -1.498510094669569265e-03 1.700651689520486443e+01 6.645422030467479889e-04 9.999996622343144681e-01 4.836475136407336508e-04 -2.127606885501921036e-02 1.498188535187166843e-03 -4.846426872564939281e-04 9.999987602755209259e-01 -4.982345327065284407e-02
9.999987233659993757e-01 3.103739659043055045e-04 -1.567461123197888334e-03 1.734975502672656589e+01 -3.095995576652645813e-04 9.999998299220940190e-01 4.942710764194119342e-04 -1.670115102176319283e-02 1.567614265481602790e-03 -4.937851601457506675e-04 9.999986493799530862e-01 -5.088981448047004419e-02
9.999985974850910120e-01 -7.590827974045744530e-04 -1.492923694491315968e-03 1.770869645154989414e+01 7.597748295599062894e-04 9.999996041730798702e-01 4.630290401059721471e-04 -1.854193710189848063e-02 1.492571626172884856e-03 -4.641626765463682499e-04 9.999987783907290373e-01 -5.196625670419814658e-02
9.999988920207247833e-01 1.629225327745999869e-04 -1.479666709502814930e-03 1.805587100944667966e+01 -1.622577653626209790e-04 9.999998858662342283e-01 4.493772759687900738e-04 -2.231215451070205080e-02 1.479739754306853622e-03 -4.491366906543161177e-04 9.999988043225315204e-01 -5.081597305855580643e-02
9.999986233834099458e-01 -6.464452875180768873e-04 -1.528181852836346449e-03 1.841261936975173441e+01 6.470898239917114488e-04 9.999997018862506470e-01 4.213100633808895563e-04 -1.836274453358427428e-02 1.527909043359268254e-03 -4.222983543246458917e-04 9.999987435782382583e-01 -5.559832322452257225e-02
9.999986961230403759e-01 -6.123560810369064501e-04 -1.494246381709658312e-03 1.914765538951807144e+01 6.131460277622267224e-04 9.999996724975922513e-01 5.282581347325059507e-04 -1.664603149097717422e-02 1.493922410259210026e-03 -5.291736371823387627e-04 9.999987440847583064e-01 -5.937371662035789005e-02
9.999987041186598757e-01 -4.877746548206931751e-04 -1.534221915813671535e-03 1.990999631585357577e+01 4.883891256905544161e-04 9.999998006737479406e-01 4.001606257037031958e-04 -1.490622994550998628e-02 1.534026421791891744e-03 -4.009094044430948117e-04 9.999987430165033775e-01 -6.026841075801497860e-02
9.999988641974737469e-01 4.248413101121701219e-04 -1.446068332968406542e-03 2.029287112310914409e+01 -4.240892151681109742e-04 9.999997746851567726e-01 5.203633088785559026e-04 -2.648293902148362092e-02 1.446289078977624912e-03 -5.197494558641871246e-04 9.999988190535042953e-01 -5.750622079071736337e-02
9.999989285203634282e-01 -5.576761543163475743e-04 -1.353497481319714500e-03 2.065044684815942233e+01 5.583242565174502013e-04 9.999997296536627944e-01 4.785045725429163278e-04 -2.099435659330445639e-02 1.353230264816789562e-03 -4.792597503099669349e-04 9.999989695384401411e-01 -6.031902078006307760e-02
9.999989808255518309e-01 4.817171180437325537e-04 -1.343985296014713841e-03 2.103281918957912211e+01 -4.809301745983654607e-04 9.999997127771691474e-01 5.857915553783354457e-04 -2.084117354820134993e-02 1.344267095811283504e-03 -5.851445952714803356e-04 9.999989252753113123e-01 -6.297090202833446893e-02
9.999989693131284829e-01 5.458922505634881137e-04 -1.327921056170077406e-03 2.181930000225102972e+01 -5.452322457525797311e-04 9.999997276911198885e-01 4.973323679521875597e-04 -2.069530886563770294e-02 1.328192184451001089e-03 -4.966078299786074726e-04 9.999989946425867915e-01 -6.071581621546993934e-02
9.999990772086728708e-01 -2.749556000773026939e-04 -1.330406411857833334e-03 2.222233459733215000e+01 2.753889526533419003e-04 9.999999090866982243e-01 3.255572453373276292e-04 -2.166922545579934647e-02 1.330316777118442520e-03 -3.259233241442900122e-04 9.999990620151897325e-01 -6.452229669843805027e-02
9.999989540323991344e-01 -3.285373194209126823e-04 -1.408544403772943538e-03 2.299410180229540046e+01 3.289803646463651163e-04 9.999998964870989715e-01 3.143210319211860735e-04 -1.284299206362658416e-02 1.408440991781160839e-03 -3.147840866031442796e-04 9.999989586019334409e-01 -6.967988524370606618e-02
9.999989086150766759e-01 6.177427484416325720e-04 -1.342073974228201634e-03 2.339661406823154621e+01 -6.171705434314957682e-04 9.999997185005100597e-01 4.267310874751101810e-04 -1.609830256719972305e-02 1.342337206469884896e-03 -4.259023332232353301e-04 9.999990083685216247e-01 -6.906076748914989627e-02
9.999991365267139054e-01 -3.053260537209481242e-04 -1.278171282557922410e-03 2.380860393127709784e+01 3.059604770016456253e-04 9.999998300936996376e-01 4.961862134392298548e-04 -1.755886982770767449e-02 1.278019566810108211e-03 -4.965768548909907723e-04 9.999990600382652195e-01 -6.907447638529563838e-02
9.999990618471596981e-01 4.921860019928764925e-04 -1.278302679333345694e-03 2.421473704127048165e+01 -4.915812841454468042e-04 9.999997671512443898e-01 4.733342350694685072e-04 -1.688180857185057199e-02 1.278535350166922499e-03 -4.727054013369782126e-04 9.999990709480494067e-01 -6.994628883029321842e-02
9.999970766720919224e-01 1.997854907838427126e-03 -1.362065724387654438e-03 2.503259146097668264e+01 -1.997106470265292213e-03 9.999978541860977677e-01 5.506259587553827099e-04 -2.753027201680536759e-02 1.363162872422169890e-03 -5.479041588240494975e-04 9.999989207934256719e-01 -7.616687855107380500e-02
9.999869551807556434e-01 4.930322135383113577e-03 -1.334687964560894030e-03 2.545222876606822382e+01 -4.929367047029028712e-03 9.999875928775582290e-01 7.179355559006064206e-04 -8.572067529287408227e-03 1.338211058486931618e-03 -7.113470236904779424e-04 9.999988515876280237e-01 -7.499242298157662856e-02
9.997705096628261012e-01 2.140280356596265671e-02 -9.208735253297272057e-04 2.630745324577534205e+01 -2.140049824308896953e-02 9.997679949108976283e-01 2.444386792433065562e-03 -4.202690765584610189e-02 9.729766083431093567e-04 -2.424118677022960976e-03 9.999965884767604285e-01 -8.567037352476268575e-02
9.993759669754866959e-01 3.531795057713831704e-02 -5.647998244257976469e-04 2.671965630385127000e+01 -3.531565299474758585e-02 9.993695016254103836e-01 3.661130226248338494e-03 -4.427895659372441811e-02 6.937473354416346305e-04 -3.638899285469200055e-03 9.999931385397725636e-01 -8.495295657171920978e-02
9.993762722115396846e-01 3.531024066331266142e-02 -5.034330793445705894e-04 2.672164439470180852e+01 -3.530811596050226209e-02 9.993694726061208566e-01 3.740878277038155435e-03 -4.298854498405313418e-02 6.352069632514344838e-04 -3.720769713759668629e-03 9.999928761670510147e-01 -8.321570176479466119e-02
9.984555616024739511e-01 5.555462440335156432e-02 4.185839113602355830e-04 2.756970410030961105e+01 -5.555604731621877762e-02 9.984421940189146527e-01 5.168250119138118742e-03 -9.096387930962529511e-02 -1.308116446482373706e-04 -5.183522942791439839e-03 9.999865568987491571e-01 -8.943477229545765406e-02
9.982359423902726903e-01 5.937146881583267588e-02 1.789157757920181138e-04 2.801421266080444283e+01 -5.937157169662167500e-02 9.982214660500652315e-01 5.377842609381002989e-03 -1.127003876743618571e-01 1.406928467687272805e-04 -5.378978296012101520e-03 9.999855232942194139e-01 -8.781287185965609698e-02
9.979667860867338369e-01 6.373374736566156384e-02 5.507399071811488458e-04 2.885576434569437154e+01 -6.373583834293908290e-02 9.979510108601564733e-01 5.614519918448963691e-03 -1.599063089863427822e-01 -1.917770530305552520e-04 -5.638206268127565930e-03 9.999840867992050297e-01 -9.282036727766759809e-02
9.978780926446704225e-01 6.508933565862948245e-02 1.640305871747413076e-03 2.930301340371318375e+01 -6.509780753980465295e-02 9.978620990204621899e-01 5.788505160047092112e-03 -1.863896064657643847e-01 -1.260029104893448494e-03 -5.883002804317049618e-03 9.999819011385452372e-01 -8.868229739641017573e-02
9.978922940553209830e-01 6.487042028946594929e-02 1.672733235425783718e-03 2.971359885225765751e+01 -6.487904897104430912e-02 9.978765137744545211e-01 5.759536609278177385e-03 -2.154044210737617870e-01 -1.295557648924904178e-03 -5.855922541224887340e-03 9.999820146890490147e-01 -8.814809888109520486e-02
9.978367759218167432e-01 6.570422486225510617e-02 2.173350685998853317e-03 3.013415465525579862e+01 -6.571576388566280347e-02 9.978218149065197773e-01 5.750136831655609272e-03 -2.485397844474512286e-01 -1.790808442555870275e-03 -5.880521397730366535e-03 9.999811060581159650e-01 -8.935389909754433424e-02
9.978554775490209305e-01 6.540888580008566433e-02 2.474587603388544305e-03 3.055566097651387381e+01 -6.542093240215154926e-02 9.978444739487961623e-01 5.148535081294249201e-03 -2.817527275693487709e-01 -2.132493622173344157e-03 -5.299383760547243631e-03 9.999836843682550214e-01 -8.721639745426396084e-02
9.978720338414381885e-01 6.512316281673374840e-02 3.221450278491572086e-03 3.138257789049376711e+01 -6.513586182116287704e-02 9.978683558529916064e-01 4.007978550565583289e-03 -3.279089238891846891e-01 -2.953571053146088112e-03 -4.209281648049312610e-03 9.999867790956245006e-01 -9.201259318544453836e-02
9.977903039011410957e-01 6.633591594265458857e-02 3.749092812609690351e-03 3.177938949893647802e+01 -6.634895851092054153e-02 9.977904513316219193e-01 3.468563961394113652e-03 -3.540819040495430947e-01 -3.510718642193201740e-03 -3.709647892617409619e-03 9.999869565984988995e-01 -9.068196046034664171e-02
9.977990544516567306e-01 6.616117150485767429e-02 4.443683211540165080e-03 3.256677630374378651e+01 -6.617438350927756785e-02 9.978038737379291145e-01 2.894912908862282662e-03 -4.139177603134374106e-01 -4.242393492684113677e-03 -3.182599360216877525e-03 9.999859364804914996e-01 -9.007403274353001366e-02
9.977979326245859371e-01 6.618066049865065081e-02 4.405204429384372913e-03 3.256351836601630367e+01 -6.619290097312499621e-02 9.978032102342236920e-01 2.693233565739608978e-03 -4.140830793834491819e-01 -4.217287145119966510e-03 -2.978896144530735011e-03 9.999866702446066347e-01 -8.625013968321378066e-02
9.978530618930820939e-01 6.532865747494009945e-02 4.629620192059718913e-03 3.296355395448942716e+01 -6.534129156898105251e-02 9.978595026381014144e-01 2.632225472548852235e-03 -4.459769487838372570e-01 -4.447750745959066533e-03 -2.929079610198853049e-03 9.999858189024176669e-01 -9.069609663581004733e-02
9.978507403588611213e-01 6.531532603663918468e-02 5.273343341777625946e-03 3.372380293676381058e+01 -6.532592310510805522e-02 9.978622419105087626e-01 1.862777442099329724e-03 -4.981527089393612551e-01 -5.140402293425661885e-03 -2.203259871374400533e-03 9.999843608328087274e-01 -9.836086100754597161e-02
9.977732129821491602e-01 6.648212624865662557e-02 5.361188742845823287e-03 3.411765840308770237e+01 -6.649219760578420346e-02 9.977854581645909660e-01 1.722536742912838007e-03 -5.182503612257871595e-01 -5.234798260876986388e-03 -2.075178241747159189e-03 9.999841451355281352e-01 -9.799738622836008661e-02
9.977911868528330785e-01 6.619063992656229467e-02 5.616638222904368760e-03 3.486825516466277008e+01 -6.619986033068708808e-02 9.978052979344607110e-01 1.471701776739206330e-03 -5.711514537687603088e-01 -5.506898493011747400e-03 -1.840271728390303679e-03 9.999831435924074752e-01 -1.025835581949970099e-01
9.978648668775651487e-01 6.506455010036245323e-02 5.684344435087486033e-03 3.522966772630770294e+01 -6.507196808539252031e-02 9.978799339924885325e-01 1.129736535860281820e-03 -5.978646744502683630e-01 -5.598787450237978011e-03 -1.497215877629333230e-03 9.999832058208292240e-01 -1.024569119311022625e-01
9.977845858852748551e-01 6.626868792004660114e-02 5.863545949861793775e-03 3.558549874016407699e+01 -6.627383014170402931e-02 9.978012365532598071e-01 6.868559777738290212e-04 -6.117125860738361620e-01 -5.805136354921843454e-03 -1.073933955655102584e-03 9.999825733770362213e-01 -1.014163228757773427e-01
9.978625679013256589e-01 6.506382822832880441e-02 6.082255966889116468e-03 3.593935558484190551e+01 -6.507043238040245703e-02 9.978802730977238689e-01 8.940873780118256241e-04 -6.429954087644698113e-01 -6.011190497705493595e-03 -1.287951352564801208e-03 9.999811032065124561e-01 -1.026411902544428906e-01
9.977945314521367015e-01 6.609736507834543251e-02 6.100109335986969410e-03 3.630794781743597355e+01 -6.610239264427450467e-02 9.978126486202750778e-01 6.260511908154368834e-04 -6.662954865214893996e-01 -6.045385919297365136e-03 -1.027902277105156338e-03 9.999811981862436472e-01 -1.048543032627723554e-01
9.977872732947696832e-01 6.618244329998028419e-02 6.359359231362124963e-03 3.698907532450006386e+01 -6.618603511479421997e-02 9.978072369783779205e-01 3.557939831031475819e-04 -7.044352767509244329e-01 -6.321867348485184397e-03 -7.759074816496992332e-04 9.999797157746791454e-01 -1.013829173701686903e-01
9.978749375921666109e-01 6.484477121828000068e-02 6.384713860346773184e-03 3.733887865228039971e+01 -6.484904204815367113e-02 9.978949776832827245e-01 4.639611163202617301e-04 -7.330623710032239115e-01 -6.341188442742923259e-03 -8.770177475883303344e-04 9.999795098745793975e-01 -1.033353203217322186e-01
9.978013822679299150e-01 6.595676843001564704e-02 6.488932306457423013e-03 3.767955273402833427e+01 -6.596037183828516726e-02 9.978221845286836533e-01 3.426504934616989191e-04 -7.617802731033673780e-01 -6.452200490038412575e-03 -7.699095237782645120e-04 9.999788879512214734e-01 -1.052710070771043088e-01
9.978745752485365106e-01 6.483588684522773038e-02 6.529919566555149497e-03 3.799603790548081150e+01 -6.483860521913220598e-02 9.978957426256603869e-01 2.052384449191562072e-04 -7.794457201595423879e-01 -6.502872118562311697e-03 -6.281931029369293602e-04 9.999786587860938214e-01 -1.075710376477473085e-01
9.978257143596197531e-01 6.556610781009171440e-02 6.702929907882084447e-03 3.832773959679592224e+01 -6.556780758821136035e-02 9.978481154253037166e-01 3.391526271756859596e-05 -8.013082907292740087e-01 -6.686282284636294558e-03 -4.733379397261319233e-04 9.999775345378539848e-01 -1.083320393863280717e-01
9.978857262653028082e-01 6.463890693220399053e-02 6.774143973897586539e-03 3.864754910290204748e+01 -6.464122913988219754e-02 9.979085609773594712e-01 1.241909046067379754e-04 -8.152503844339867856e-01 -6.751948700520891099e-03 -5.618173238823056777e-04 9.999770475116116497e-01 -1.083348799159705306e-01
9.979003873392096047e-01 6.442687986284342805e-02 6.632804790907402027e-03 3.929475804473334932e+01 -6.442815834728335411e-02 9.979223476666819748e-01 -2.096175997538671709e-05 -8.609216607350540507e-01 -6.620374629348777136e-03 -4.064216489564517450e-04 9.999780024886598673e-01 -1.106238780250939913e-01
9.978312144932657279e-01 6.547726881696450119e-02 6.752381147813894813e-03 3.959138450547485633e+01 -6.547886389443774435e-02 9.978539563245032440e-01 1.518650869378762743e-05 -8.803970069597574222e-01 -6.736895871844951825e-03 -4.572918185549079608e-04 9.999772022992347020e-01 -1.087570477568586408e-01
9.979031312860344727e-01 6.437927415794980623e-02 6.682037744805956539e-03 3.989230052974387064e+01 -6.438154822790234655e-02 9.979253481510999002e-01 1.255598832976240035e-04 -9.029310369160242766e-01 -6.660091388694217365e-03 -5.554965360344965705e-04 9.999776670537661172e-01 -1.084009615927696984e-01
9.978327408984147828e-01 6.545336502232709797e-02 6.758564818881766974e-03 4.019429561564594167e+01 -6.545775387877542095e-02 9.978552488033086698e-01 4.299916657181105306e-04 -9.333215008609830887e-01 -6.715924977445748324e-03 -8.714602348550902445e-04 9.999770681914442738e-01 -1.136602404503373603e-01
9.979285446912807833e-01 6.397004372930337190e-02 6.815658120343998268e-03 4.048862858741834714e+01 -6.397362993090024985e-02 9.979515414309529930e-01 3.092394690094141490e-04 -9.483749348234302712e-01 -6.781914464708326505e-03 -7.446212835960912702e-04 9.999767253168132530e-01 -1.141034347129240706e-01
9.978467866084725912e-01 6.522774833564683183e-02 6.865224119207270423e-03 4.079099903722543274e+01 -6.523116960534521003e-02 9.978701411899811857e-01 2.753786586848569885e-04 -9.645659788557028325e-01 -6.832639831288518650e-03 -7.226123085679518696e-04 9.999763961536228818e-01 -1.088558135728592835e-01
9.978325958722679134e-01 6.546273477583620937e-02 6.688869148047726053e-03 4.138007576312961788e+01 -6.546661601987731338e-02 9.978546941401944537e-01 3.627248060565099828e-04 -9.970159004536364167e-01 -6.650774520093453469e-03 -7.998362629370767921e-04 9.999775634784189293e-01 -1.112467447569024936e-01
9.979341865732390682e-01 6.391197591503629261e-02 6.528292505969643562e-03 4.163862758494737193e+01 -6.391677962139523383e-02 9.979550915520465360e-01 5.296491069653269873e-04 -1.027927485049197731e+00 -6.481091824505686404e-03 -9.458223841367535733e-04 9.999785502043431196e-01 -1.177657055161233784e-01
9.978523701128773071e-01 6.518931340685357734e-02 6.403192770517845099e-03 4.193665183005169439e+01 -6.519452930179184258e-02 9.978723878476982723e-01 6.090322245849470132e-04 -1.031561274377984505e+00 -6.349866867202419267e-03 -1.025177387479754825e-03 9.999793138870888276e-01 -1.185480454042976001e-01
9.979161373436168381e-01 6.422022315956169014e-02 6.256657776467908737e-03 4.221109910614297434e+01 -6.422545135234422609e-02 9.979352104307425142e-01 6.381074653471301410e-04 -1.050836469917649341e+00 -6.202759690928268989e-03 -1.038614406680139638e-03 9.999802233306070987e-01 -1.177869568060133654e-01
9.978629994392713698e-01 6.506463077999742606e-02 6.002347167838778356e-03 4.248278425579703566e+01 -6.506796004000910127e-02 9.978807696137269589e-01 3.608480950442048045e-04 -1.075228793033570440e+00 -5.966148363260017663e-03 -7.506374481259528659e-04 9.999819206451330267e-01 -1.200766304624585612e-01
9.978989456243730904e-01 6.452793499245357278e-02 5.817209586575757853e-03 4.276296105610008169e+01 -6.453039667768392662e-02 9.979157139139585020e-01 2.362799509042432509e-04 -1.083490722140554530e+00 -5.789838200262901156e-03 -6.111703560584822500e-04 9.999830519785876115e-01 -1.223205477009514375e-01
9.978903175531789183e-01 6.467493741981666933e-02 5.662738150277849686e-03 4.302850824501117444e+01 -6.467801143509682715e-02 9.979061200109329288e-01 3.612222680015129278e-04 -1.103924740092616208e+00 -5.627519028604014220e-03 -7.267148465609390203e-04 9.999839013279736566e-01 -1.269506831768946742e-01
9.979050462275070865e-01 6.444993992996515819e-02 5.632402391589468212e-03 4.330659405906681059e+01 -6.445342776537797691e-02 9.979206192223258887e-01 4.397501822597322998e-04 -1.119742362284850801e+00 -5.592348609493441418e-03 -8.018565666483067154e-04 9.999840412041965942e-01 -1.265614711166745399e-01
9.979081770702954435e-01 6.442143611201092690e-02 5.398954112230258152e-03 4.386221858418207376e+01 -6.442698287590567507e-02 9.979220535072637066e-01 8.596518793752951429e-04 -1.162894965138347558e+00 -5.332355365842558932e-03 -1.205691963998913735e-03 9.999850560349090589e-01 -1.289585109762413362e-01
9.979125808657051122e-01 6.435130350912286745e-02 5.421317794069559388e-03 4.386395427651052614e+01 -6.435691262419988845e-02 9.979265689804693862e-01 8.664411979898655174e-04 -1.164011592063348033e+00 -5.354320445083948950e-03 -1.213531847635394715e-03 9.999849291829483455e-01 -1.289445835260785711e-01
9.979036336444764288e-01 6.450276615129649227e-02 5.266034369589112953e-03 4.412201616265161874e+01 -6.450725439866406008e-02 9.979170017975599327e-01 6.867702051946350051e-04 -1.177786156301198650e+00 -5.210766651517924168e-03 -1.025027901993682405e-03 9.999858985149258084e-01 -1.334119810343345758e-01
9.979017658675339852e-01 6.455711293666419048e-02 4.944173109841520919e-03 4.467197157411146691e+01 -6.456044473007957474e-02 9.979136643899805259e-01 5.171073541628804946e-04 -1.215126502788384411e+00 -4.900474947557284522e-03 -8.352203566560958406e-04 9.999876437997842205e-01 -1.334688019783671353e-01
9.979044187588407278e-01 6.452772941972886867e-02 4.789901618452396988e-03 4.492809783507208721e+01 -6.453084695163360807e-02 9.979155879969452414e-01 4.990234621763729337e-04 -1.237282760887873589e+00 -4.747716639084030403e-03 -8.070741262238713800e-04 9.999884038417994336e-01 -1.367532144448266040e-01
9.979037740191548655e-01 6.456071303392818539e-02 4.469019006252427685e-03 4.548366963087749326e+01 -6.456310392770261974e-02 9.979135490766267713e-01 3.926582630331129165e-04 -1.258898660351697174e+00 -4.434344319980178424e-03 -6.803689011361031174e-04 9.999899367936710970e-01 -1.394352557196605058e-01
9.978970256439498865e-01 6.467251902033688271e-02 4.357923189111177764e-03 4.574467328597850724e+01 -6.467532611972987011e-02 9.979062310563854288e-01 5.061720522335365520e-04 -1.285098877569358145e+00 -4.316063283203523324e-03 -7.869576888484388147e-04 9.999903761013559933e-01 -1.396458461701910458e-01
9.979175074335421280e-01 6.437383249736486346e-02 4.081427106738587038e-03 4.601901819555271089e+01 -6.437552105588054130e-02 9.979257045884185606e-01 2.835674385159598493e-04 -1.303810648192033295e+00 -4.054706698429642181e-03 -5.457209080810522745e-04 9.999916307361178536e-01 -1.407814409115498711e-01
