1.000000000000000000e+00 0.000000000000000000e+00 0.000000000000000000e+00 0.000000000000000000e+00 0.000000000000000000e+00 1.000000000000000000e+00 0.000000000000000000e+00 0.000000000000000000e+00 0.000000000000000000e+00 0.000000000000000000e+00 1.000000000000000000e+00 0.000000000000000000e+00
9.999999821184650806e-01 -4.021361520880434328e-06 1.890685010922986495e-04 3.002526916823752279e-01 4.020673976247064198e-06 9.999999999853036448e-01 3.636864237670906039e-06 -1.721423689080706261e-03 -1.890685157146659314e-04 -3.636103989836121653e-06 9.999999821199373473e-01 -7.013424853179162609e-04
9.999997313812384325e-01 8.897714464348868636e-06 7.329108278602690808e-04 5.441735081725099787e-01 -8.854404798829551164e-06 9.999999982146368094e-01 -5.909590423075812305e-05 7.461776522394261354e-03 -7.329113523702388260e-04 5.908939886733820230e-05 9.999997296746596653e-01 2.216244072734551047e-03
9.999999668606125436e-01 -8.860650324743910770e-05 2.417181444529616422e-04 6.119294425321091246e-01 8.860487061568113137e-05 9.999999960517059749e-01 6.764979221058520168e-06 -4.484216836318742627e-04 -2.417187429197406514e-04 -6.743561591956535901e-06 9.999999707632863943e-01 -1.016231444866736583e-03
9.999997959684664428e-01 2.075161257536892442e-05 6.384609588793313875e-04 9.777050208828722555e-01 -2.073978331969194311e-05 9.999999996131689883e-01 -1.853438186758186285e-05 4.781900472379176092e-03 -6.384613432506667120e-04 1.852113654403826388e-05 9.999997960120194929e-01 -5.847801077113546145e-04
9.999999402723452890e-01 -2.599346456473671354e-04 2.277921989144977648e-04 1.062096572619243506e+00 2.599281758504275175e-04 9.999999658145007908e-01 2.843133292177351588e-05 -8.823158280107570167e-04 -2.277995814157560269e-04 -2.837212161289987748e-05 9.999999736511863135e-01 -2.266354879470761780e-03
9.999999547312751202e-01 -2.097228123822157469e-04 2.157632724666115837e-04 1.078398797272241527e+00 2.097222471192086637e-04 9.999999780047980069e-01 2.642451440605496139e-06 6.643379965949160540e-04 -2.157638219032025344e-04 -2.597200962637596625e-06 9.999999767196136036e-01 -2.380454699149721787e-03
9.999997282242945040e-01 4.869483482334567874e-04 5.535635856454471483e-04 1.409951677432413231e+00 -4.869381930647553912e-04 9.999998812748411847e-01 -1.847970841599650207e-05 1.176321738430676986e-02 -5.535725185870115543e-04 1.821015214152006857e-05 9.999998466129167429e-01 -2.481203406461078304e-03
9.999999046498956323e-01 3.043200347042949528e-04 3.131924585697650116e-04 1.551045516103217503e+00 -3.043205635950905867e-04 9.999999536931496458e-01 1.641054522027233207e-06 3.425056412717900761e-03 -3.131919446610396496e-04 -1.736365271058196168e-06 9.999999509538942677e-01 -3.759396391909755435e-03
9.999998213436209760e-01 2.621320340016309279e-04 5.372145966817057231e-04 1.795114695175339836e+00 -2.621317748161690981e-04 9.999999656433128381e-01 -5.528721465793951025e-07 6.980515363154273650e-03 -5.372147231502921944e-04 4.120510321199313142e-07 9.999998557000753241e-01 -2.319233023423448916e-03
9.999952392039750393e-01 3.063645645483071764e-03 3.682998012051566278e-04 2.002399078913927433e+00 -3.063655544929896543e-03 9.999953066500291143e-01 2.631760553261310148e-05 3.104798323097256521e-02 -3.682174448277058675e-04 -2.744582396802005053e-05 9.999999318313177454e-01 -2.819188367234715976e-03
9.999954246871979313e-01 3.007293393534653074e-03 3.267890998775033673e-04 2.006501733930377451e+00 -3.007301981241397582e-03 9.999954777245874116e-01 2.579084940515145882e-05 1.580850091559132808e-02 -3.267100613961621556e-04 -2.677348491145770736e-05 9.999999462718567322e-01 -3.195252735936227311e-03
9.999574722301532992e-01 9.207735568214879540e-03 5.208999788279353865e-04 2.243812332895897654e+00 -9.207767198740567788e-03 9.999576059101932257e-01 5.835724955250126672e-05 3.216309180356044517e-02 -5.203405576250847743e-04 -6.315109348769992769e-05 9.999998626288123527e-01 -3.872133819047309401e-03
9.999570353723712390e-01 9.262984996355038553e-03 3.528714433927127264e-04 2.418604621062431459e+00 -9.263000046107132401e-03 9.999570966526273308e-01 4.103893263946882991e-05 2.157599041564312731e-02 -3.524761610092930881e-04 -4.430581761342628676e-05 9.999999368987732007e-01 -4.919553583980787459e-03
9.999369339846164717e-01 1.121810531011429614e-02 5.311936519494755331e-04 2.695813141728328421e+00 -1.121810619525440665e-02 9.999370750660599994e-01 -1.313235200454420025e-06 -7.511921207740301053e-03 -5.311749586347928919e-04 -4.645834417871158424e-06 9.999998589157798046e-01 -4.468705991811393330e-03
9.999643164156938324e-01 8.439968073906775614e-03 3.644642720792371773e-04 2.887319145402109211e+00 -8.439981988142972874e-03 9.999643820458673504e-01 3.665605696658668337e-05 -7.828464595135805476e-03 -3.641419146569979367e-04 -3.973082083875798817e-05 9.999999329110617063e-01 -3.364853527276433134e-03
9.999410996129185492e-01 1.084386080998369674e-02 4.560566203543051284e-04 3.117548355791298409e+00 -1.084386539335051823e-02 9.999412035344370508e-01 7.578415099521900169e-06 -1.009774024501534917e-02 -4.559476265584322028e-04 -1.252338533080751819e-05 9.999998959774578644e-01 -4.154615249329945102e-03
9.999409337597022773e-01 1.086304802762543681e-02 3.509691213924927581e-04 3.117308961260945477e+00 -1.086304721528429454e-02 9.999409953529173611e-01 -4.220836314790125579e-06 -8.960336305850830074e-03 -3.509942637309524218e-04 4.079928690646049173e-07 9.999999384014283121e-01 -3.906971118565721011e-03
9.999629760329129535e-01 8.587343328443677523e-03 5.514507770351896512e-04 3.328221940548167002e+00 -8.587329249729496947e-03 9.999631278193887862e-01 -2.789303443455834271e-05 -4.283247341491471828e-03 -5.516699709057022640e-04 2.315651233634913680e-05 9.999998475619980010e-01 -5.997408944382507170e-03
9.999377041013491896e-01 1.115439894233346413e-02 4.090241532720233480e-04 3.526970298348660826e+00 -1.115440249460741481e-02 9.999377876967999734e-01 6.404501128375939597e-06 -2.596962870222776359e-02 -4.089272685767712931e-04 -1.096652218983488043e-05 9.999999163291086735e-01 -3.991964341464373026e-03
9.999602817517216913e-01 8.897628849992926178e-03 5.168364007291592838e-04 3.753662382541315345e+00 -8.897614336471100852e-03 9.999604149847821644e-01 -3.037402875063335486e-05 -1.689969150405160742e-02 -5.170861985868735510e-04 2.577421137868033437e-05 9.999998659787676658e-01 -3.685082436419885588e-03
9.999357152748894473e-01 1.133177521230249382e-02 3.952065702185677274e-04 3.940332176129348163e+00 -1.133177821640755228e-02 9.999357933255981212e-01 5.362914015315850595e-06 -2.241193112822802841e-02 -3.951204239828877505e-04 -9.840962465246490815e-06 9.999999218914999988e-01 -4.662985446503408599e-03
9.999575098770991932e-01 9.189153982365911091e-03 7.334094895857213268e-04 4.198226449798332816e+00 -9.189115255268229601e-03 9.999577776122713368e-01 -5.615650256578588479e-05 -1.901961352859684456e-02 -7.338945540350761895e-04 4.941473213997955416e-05 9.999997294784472857e-01 -4.151491949836757199e-03
9.999316262520965282e-01 1.168387391377779909e-02 4.794905676412861400e-04 4.369472865800515748e+00 -1.168386895878813399e-02 9.999317411871956329e-01 -1.313381014149285267e-05 -2.255239055297693362e-02 -4.796112919660887970e-04 7.530607174373500374e-06 9.999998849581426263e-01 -3.702871636890222359e-03
9.999316989094242381e-01 1.168016676544697714e-02 4.137879214957888960e-04 4.374436775657703613e+00 -1.168016020826827782e-02 9.999317844353626805e-01 -1.825980815327843106e-05 -2.416798409512484896e-02 -4.139729723234192890e-04 1.342545177315070824e-05 9.999999142230640015e-01 -3.431051304187903665e-03
9.999494033332665399e-01 1.004589354740427487e-02 5.203808974572498745e-04 4.600631246672115537e+00 -1.004588446776723265e-02 9.999495386282727383e-01 -2.005903161131770187e-05 -2.763348516338065552e-02 -5.205561492195748827e-04 1.483033031609170612e-05 9.999998644006692361e-01 -3.137014978862971617e-03
9.999326889762176762e-01 1.158407977922246319e-02 6.531557695834877466e-04 4.819766817297520767e+00 -1.158404813868023873e-02 9.999329013005617828e-01 -5.220499641255509630e-05 -2.991342799747993830e-02 -6.537166905241352001e-04 4.463529456388814885e-05 9.999997853310664819e-01 -3.284682916467586422e-03
9.999587406080147067e-01 9.072764415411672598e-03 4.494746885848429534e-04 4.985251486094706586e+00 -9.072752551253620776e-03 9.999588413294893119e-01 -2.842760911540924532e-05 -3.314110941286841500e-02 -4.497141058046300694e-04 2.434846358195948655e-05 9.999998985821825226e-01 -6.613879057960805885e-03
9.999405557704724723e-01 1.088978670106541084e-02 5.454090610805755563e-04 5.221354770543634949e+00 -1.088976555353395569e-02 9.999407038744460019e-01 -4.172848722608342383e-05 -3.918050333545324698e-02 -5.458311347616616677e-04 3.578662990237036851e-05 9.999998503938335448e-01 -6.018121890268847765e-03
9.999290353540278842e-01 1.190331080581571999e-02 4.852296604252676407e-04 5.426603620954050022e+00 -1.190331330514476926e-02 9.999291530539740069e-01 2.263119372374667187e-06 -2.484718604427750555e-02 -4.851683447724252501e-04 -8.038799443900581314e-06 9.999998822735205461e-01 -5.425268889375518128e-03
9.999289517389405857e-01 1.191155415484281173e-02 4.542597051418118459e-04 5.426855561639000847e+00 -1.191155696229267459e-02 9.999290548827236558e-01 3.475209496315655218e-06 -3.056102309003820572e-02 -4.541860824876418033e-04 -8.885902942195090956e-06 9.999998968180162651e-01 -5.208616561978279130e-03
9.998065864640588440e-01 1.966196261883221968e-02 4.437218296246291972e-04 5.630887645361444704e+00 -1.966199640372671975e-02 9.998066816774840992e-01 7.190603460601301404e-05 -2.978981875198050827e-02 -4.422222363003705829e-04 -8.061658402393884464e-05 9.999998989702248986e-01 -7.819479713078728716e-03
9.996490827879389585e-01 2.648100371218878313e-02 6.839032295104070184e-04 5.859264679504331497e+00 -2.648116970895544181e-02 9.996492847559740325e-01 2.348142139411722512e-04 -2.558119865407262536e-02 -6.774452581513282657e-04 -2.528423710770314912e-04 9.999997385692945828e-01 -5.971969032369441044e-03
9.991744585184910710e-01 4.062418175274331439e-02 2.780309340393418219e-04 6.056809606790650946e+00 -4.062434904972974520e-02 9.991742948375784694e-01 6.251400750446483873e-04 -7.672781017960975114e-02 -2.524055584322553326e-04 -6.359188216919821075e-04 9.999997659493157220e-01 -9.036512419530472878e-03
9.991741622745395901e-01 4.063175879036839966e-02 2.315611654957267700e-04 6.052751711018342640e+00 -4.063186026258246153e-02 9.991740828412494224e-01 4.517852919529541746e-04 -7.785825013122416038e-02 -2.130130841481749613e-04 -4.608209515337144207e-04 9.999998711347299896e-01 -8.565567258428007785e-03
9.988256167143643172e-01 4.844822015941064458e-02 3.966844527358040994e-04 6.277983066103444365e+00 -4.844843281874413460e-02 9.988255363312320556e-01 5.452797762175643674e-04 -4.431980617303064862e-02 -3.698007266114380540e-04 -5.638581488209901257e-04 9.999997726556794087e-01 -7.666056318596015107e-03
9.986691647671512850e-01 5.157153774953834174e-02 5.252022736952699023e-04 6.497867050830019586e+00 -5.157175734227905511e-02 9.986692059191677462e-01 4.135134919865843489e-04 -1.131688444794642368e-01 -5.031778109562669256e-04 -4.400487778768160329e-04 9.999997765845568543e-01 -8.551144532620636937e-03
9.986893968210857064e-01 5.118067395818395870e-02 1.651978270659312960e-04 6.702872845414899139e+00 -5.118073745945234121e-02 9.986893245945659414e-01 4.062683303257433689e-04 -1.206209419149160689e-01 -1.441882193830271890e-04 -4.141908203764596802e-04 9.999999038278561958e-01 -1.171297215010682659e-02
9.986905908799008635e-01 5.115754554548403860e-02 9.602976681773701885e-05 6.698779724935863378e+00 -5.115757663613191425e-02 9.986905306608113708e-01 3.554168612755229605e-04 -1.183476131277394899e-01 -7.772176451410420109e-05 -3.598641253512600206e-04 9.999999322285669789e-01 -1.128797912922467096e-02
9.986215456154196035e-01 5.248703912480238987e-02 3.454802191011736249e-04 6.915550085368019850e+00 -5.248714478538596406e-02 9.986215534838791541e-01 3.042198578333601684e-04 -1.360981058640948482e-01 -3.290363935161235483e-04 -3.219337749169035360e-04 9.999998940468425301e-01 -9.677991812549162007e-03
9.986729699288819928e-01 5.150010789896506541e-02 1.949867210518251470e-04 7.137673946325749696e+00 -5.150015548334147680e-02 9.986729558583347099e-01 2.474315428223511381e-04 -1.487006750335103655e-01 -1.819852139129923135e-04 -2.571450401758386948e-04 9.999999503789038791e-01 -9.511741751132746919e-03
9.985737514876876775e-01 5.338681686162130569e-02 5.573375903186305463e-04 7.345878609334333120e+00 -5.338690073649718371e-02 9.985738931804439833e-01 1.367048007310504192e-04 -1.398329343605201058e-01 -5.492445332195491914e-04 -1.662643523234410713e-04 9.999998353432903997e-01 -8.008080185539220158e-03
9.987182814864886682e-01 5.061348827276007656e-02 2.627347292332866935e-04 7.553123435343975345e+00 -5.061353394808100481e-02 9.987182992272783943e-01 1.702053432538988434e-04 -1.674615017517560034e-01 -2.537832957830652423e-04 -1.832851210517405895e-04 9.999999510003003689e-01 -8.307363255285030862e-03
9.985550890810201974e-01 5.373486925687854382e-02 5.457988109180998216e-04 7.787400488614220073e+00 -5.373492843861552709e-02 9.985552306033739223e-01 9.434161168624730488e-05 -1.787139776675637226e-01 -5.399408233299267347e-04 -1.235337565079732336e-04 9.999998466016474241e-01 -7.342056662704259974e-03
9.985555726590911174e-01 5.372650235277447173e-02 4.808912683345333591e-04 7.786138218517622001e+00 -5.372654085198103058e-02 9.985556841022725783e-01 6.749164942663683807e-05 -1.798749380308407309e-01 -4.765706191688866256e-04 -9.323078701645822928e-05 9.999998820942257449e-01 -5.973239497173224444e-03
9.984605375427845209e-01 5.546660772881588375e-02 1.019648539138869216e-04 7.990319420134539108e+00 -5.546662579406178017e-02 9.984605248253403120e-01 1.838165593266322139e-04 -1.929750562883751075e-01 -9.161220056236778285e-05 -1.891892270307221104e-04 9.999999779073203143e-01 -9.594121103101201781e-03
9.981599954872623082e-01 6.063366416589481556e-02 4.268239520424503574e-04 8.226214775379908417e+00 -6.063377529188072879e-02 9.981600480812239384e-01 2.524051156654154846e-04 -2.056836134521610182e-01 -4.107343694758996380e-04 -2.778206367108874302e-04 9.999998770564781925e-01 -1.075176792225071044e-02
9.980665816773326426e-01 6.215285661988336624e-02 -3.477828524893863049e-04 8.448692568787357970e+00 -6.215276451820653941e-02 9.980666115785515879e-01 2.696569174139149721e-04 -2.291361311664093514e-01 3.638704008737918142e-04 -2.475198920547099120e-04 9.999999031661125359e-01 -1.094101773749777198e-02
9.980156812261512522e-01 6.296570139657058085e-02 1.430885713791527146e-04 8.673021554044721526e+00 -6.296573140944687619e-02 9.980156662302448467e-01 2.159330311442088964e-04 -2.353515375652496799e-01 -1.292082611342163965e-04 -2.245142277298365740e-04 9.999999664492927876e-01 -1.259159623309860296e-02
9.980105040301405772e-01 6.304290545045601601e-02 -7.911497138512931784e-04 8.908623038728721966e+00 -6.304272542327640783e-02 9.980107975503311746e-01 2.504878386839697415e-04 -2.557443280030464727e-01 8.053674380330879670e-04 -2.001132599593784050e-04 9.999996556689272342e-01 -1.274443210300659109e-02
9.980095721666495390e-01 6.305928963102769291e-02 -6.479621680857667416e-04 8.908247330515180806e+00 -6.305914129099232657e-02 9.980097613479081975e-01 2.468885050632343568e-04 -2.558547997719100575e-01 6.622411824811032981e-04 -2.055371534024841231e-04 9.999997595955184559e-01 -1.508459238516806147e-02
9.980491251096649252e-01 6.243322075052745029e-02 -1.918711765959615477e-04 9.155400436626628391e+00 -6.243319276995378669e-02 9.980491342525216192e-01 1.485205102517156027e-04 -2.703289216568289799e-01 2.007694754921384220e-04 -1.362516351621522782e-04 9.999999705635543856e-01 -1.183537670376016808e-02
9.980484451968812953e-01 6.243387512054263122e-02 -1.145546821490955663e-03 9.387466631548763374e+00 -6.243377630433356862e-02 9.980491013611590967e-01 1.218546809005584323e-04 -2.924547672661602649e-01 1.150919835686379502e-03 -5.009606081365779618e-05 9.999993364367381066e-01 -1.166240551924193486e-02
9.979821524598111449e-01 6.349362049662123086e-02 -4.284015795088794891e-04 9.642317794558863397e+00 -6.349358644285559017e-02 9.979822422759633271e-01 9.264158889671620485e-05 -2.991790843622187390e-01 4.334193188004480547e-04 -6.525389957363888019e-05 9.999999039448067562e-01 -1.326746155642927368e-02
9.979753702069102950e-01 6.358587119911821017e-02 -1.413309672162979969e-03 9.887235668385756071e+00 -6.358584535662165083e-02 9.979763705964773690e-01 6.325635421473621545e-05 -3.195838495631200260e-01 1.414471867545731912e-03 2.673820673978204271e-05 9.999989992767014391e-01 -1.543863719610776702e-02
9.980811374707346806e-01 6.191527456036885479e-02 -7.360714901859425436e-04 1.016112892457950956e+01 -6.191524637267997733e-02 9.980814087740841334e-01 6.104219840944415045e-05 -3.321511823372605976e-01 7.384387143575141211e-04 -1.535101915944397211e-05 9.999997272362685097e-01 -1.556859606869514384e-02
9.980817204745989768e-01 6.190552583262500658e-02 -7.649351937073851004e-04 1.015991188638052378e+01 -6.190549764667136606e-02 9.980820135148207317e-01 6.049230639904644387e-05 -3.302573448853635130e-01 7.672128663802774964e-04 -1.302257141232823935e-05 9.999997056073718360e-01 -1.534094350905046075e-02
9.978998098893760993e-01 6.476037387559170633e-02 -1.436453354846978486e-03 1.041069524503072508e+01 -6.476019476207088565e-02 9.979008407482554688e-01 1.709043694282022107e-04 -3.468872253557946372e-01 1.444505841358594781e-03 -7.752043873514626591e-05 9.999989536961805259e-01 -1.195789917288779015e-02
9.977405513392866299e-01 6.717696182108877367e-02 -1.023725385217789160e-03 1.068355869317440821e+01 -6.717684667090877138e-02 9.977410735310866530e-01 1.464936445542931395e-04 -3.732386094364812390e-01 1.031253862815478123e-03 -7.739200644940946792e-05 9.999994652628309000e-01 -1.524547163572515657e-02
9.977232728799879657e-01 6.741852968035483284e-02 -1.735687006427028261e-03 1.094516166612456054e+01 -6.741848760609572833e-02 9.977247820277360679e-01 8.280466996599525396e-05 -3.893769823620141235e-01 1.737320509255554923e-03 3.440124660264199134e-05 9.999984902658615171e-01 -1.632612895949855925e-02
9.975744301349760423e-01 6.960123655724030634e-02 -9.613587159831430470e-04 1.122202804353858419e+01 -6.960110537235321415e-02 9.975748881527357614e-01 1.692867487564148532e-04 -4.048124017740601932e-01 9.708098806177430009e-04 -1.019645026283104883e-04 9.999995235655944059e-01 -1.340022101939093713e-02
9.971492947138204110e-01 7.543135366231470962e-02 -1.842535318883482300e-03 1.148720657788008204e+01 -7.543069946982236540e-02 9.971509571830340368e-01 4.220976811593493238e-04 -4.391555794113093381e-01 1.869125256335785190e-03 -2.819106771671509829e-04 9.999982134469772577e-01 -1.583095347941294515e-02
9.971485473772028207e-01 7.544330250486369627e-02 -1.755725119098140285e-03 1.148655392131126973e+01 -7.544273091321854197e-02 9.971500601896911009e-01 3.896357928715159387e-04 -4.387341846105978771e-01 1.780116819173591363e-03 -2.560680671502972333e-04 9.999983828053198298e-01 -1.751607233957532331e-02
9.965126354695497124e-01 8.343235370851376231e-02 -1.268741183097288078e-03 1.177554798321265395e+01 -8.343172642125168403e-02 9.965133495364860705e-01 5.396498332697991993e-04 -4.528383351192292183e-01 1.309341781831268887e-03 -4.319146102948425879e-04 9.999990495364822207e-01 -1.540173827803751824e-02
9.965114932311105456e-01 8.344606355646584650e-02 -1.264252835683801236e-03 1.177600595200017430e+01 -8.344548799766239588e-02 9.965122172237511622e-01 5.014545197554887840e-04 -4.551375170713336527e-01 1.301687802144873250e-03 -3.942089974429683393e-04 9.999990751036382797e-01 -1.542466382806606529e-02
9.960422850158815455e-01 8.886148869437500430e-02 -1.844529034948902196e-03 1.205453809181092595e+01 -8.886021469302075870e-02 9.960438153433451847e-01 7.616829933111213605e-04 -4.929188093235645773e-01 1.904916022180897081e-03 -5.947632230622760044e-04 9.999980087738459256e-01 -1.741227541303444828e-02
9.957990136681822424e-01 9.155878224797019127e-02 -1.146198387805822793e-03 1.234055318288627667e+01 -9.155821377772092873e-02 9.957995796702030500e-01 5.390904191427175942e-04 -5.040882950992037204e-01 1.190742335093957632e-03 -4.318818306378805340e-04 9.999991978050661867e-01 -1.365732170784303770e-02
9.957120893653729210e-01 9.248883198985405341e-02 -1.803066497970874475e-03 1.261613725731873359e+01 -9.248782882749306822e-02 9.957136143673028794e-01 6.322043801520859513e-04 -5.452481837754621363e-01 1.853809704338310865e-03 -4.627318386382564129e-04 9.999981746327468723e-01 -1.642048946187645714e-02
9.956795292992971502e-01 9.284803582035798530e-02 -1.231738053171164537e-03 1.290214285135206929e+01 -9.284755076209115499e-02 9.956802367785343444e-01 4.454280217796468709e-04 -5.697533888033037286e-01 1.267774353352184042e-03 -3.291397016448668758e-04 9.999991422072549430e-01 -1.509481245967619553e-02
9.956780561158657950e-01 9.286440838130251285e-02 -1.187529082335607618e-03 1.290358296108322911e+01 -9.286396103569215243e-02 9.956787146354528772e-01 4.265708075070473167e-04 -5.690485910626733590e-01 1.222010675964012999e-03 -3.144485379836269349e-04 9.999992039056955218e-01 -1.567430190874584406e-02
9.956673687570682940e-01 9.296901920379474493e-02 -1.803402523168069370e-03 1.320361722320858000e+01 -9.296819278008172649e-02 9.956689343264651937e-01 5.369808252538871979e-04 -6.007247384392319089e-01 1.845514449059508467e-03 -3.669952119195621452e-04 9.999982296938993986e-01 -1.972073108708414374e-02
9.956575142261104849e-01 9.308517469938530631e-02 -1.124551585093886861e-03 1.349795149714992881e+01 -9.308479145271632282e-02 9.956581092966912960e-01 3.885768163435557570e-04 -6.285614503810035281e-01 1.155839645854647409e-03 -2.822107772702345816e-04 9.999992921956446512e-01 -1.728272205644730899e-02
9.954120326454176659e-01 9.566214246573670477e-02 -1.907816443740564805e-03 1.378215959869228868e+01 -9.566124515114587945e-02 9.954137916559429033e-01 5.563787122801498513e-04 -6.565878961023697835e-01 1.952291179686399102e-03 -3.713219683833705398e-04 9.999980253376231643e-01 -1.745315432905723482e-02
9.949528000584436649e-01 1.003348551129883970e-01 -1.357389155085740769e-03 1.408470433662193066e+01 -1.003341223886763667e-01 9.949536203381587063e-01 5.977127113819926188e-04 -6.901266629870573821e-01 1.410510672356015717e-03 -4.585034862046031873e-04 9.999989001164932834e-01 -1.938717608991440133e-02
9.940148753187033615e-01 1.092294578350556239e-01 -1.831170719060983519e-03 1.439269110458548440e+01 -1.092278890362935323e-01 9.940162935328039628e-01 9.361880054979004363e-04 -7.195688826143625816e-01 1.922472839259016172e-03 -7.305698914517580380e-04 9.999978851806717861e-01 -1.959949820768253081e-02
9.940134501299378034e-01 1.092428406538049346e-01 -1.806301930722530470e-03 1.439184860968842017e+01 -1.092414650681052535e-01 9.940148844084385482e-01 8.437323346009530968e-04 -7.201943897260137950e-01 1.887662721857170413e-03 -6.413582196354041236e-04 9.999980126925666069e-01 -1.884902332949804291e-02
9.926757944744352136e-01 1.208042943568563843e-01 -1.043805293573809440e-03 1.469467318555657620e+01 -1.208030489053215362e-01 9.926757889556370174e-01 1.183805930971002342e-03 -7.660939655005962745e-01 1.179169083460864832e-03 -1.049040631102957652e-03 9.999987545362378771e-01 -1.918995344950053666e-02
9.905852228719412844e-01 1.368859548270229542e-01 -1.775274300094404701e-03 1.500042029840587965e+01 -1.368805424639037704e-01 9.905833807377990574e-01 2.878002929124695315e-03 -8.192384741923874891e-01 2.152515396872647837e-03 -2.607906663753936909e-03 9.999942827338060836e-01 -3.830095007492759912e-02
9.881278176073875485e-01 1.536210155043607750e-01 1.999916465871741378e-03 1.529438541029712439e+01 -1.536319267805398570e-01 9.880987098829561166e-01 7.626965408114446190e-03 -8.775243074322014447e-01 -8.044527085903762503e-04 -7.843667703739167982e-03 9.999689143832386495e-01 -3.590576569250635008e-02
9.854171832823197530e-01 1.701555920418154344e-01 2.222359968527179820e-04 1.558867163247525056e+01 -1.701511601562477327e-01 9.853802565137697034e-01 8.621645454344505424e-03 -9.258398340734778076e-01 1.248034223073291472e-03 -8.533731291571948138e-03 9.999628082287966846e-01 -1.767990103595917101e-02
9.832849827244519725e-01 1.820510971174667258e-01 2.835628131616435826e-03 1.588696848104906145e+01 -1.820687334802248702e-01 9.832505568456770817e-01 8.325788345417686406e-03 -9.863844462974972194e-01 -1.272414036768019976e-03 -8.702901871935774317e-03 9.999613194826720841e-01 -3.371666499936244732e-02
9.832859371657438619e-01 1.820475406389027440e-01 2.731065618359050564e-03 1.588476525245634896e+01 -1.820643106878067907e-01 9.832510661015579911e-01 8.362283415633511852e-03 -9.873672677245298734e-01 -1.162990050903283355e-03 -8.719745264436463278e-03 9.999613059997195519e-01 -2.991319280539433273e-02
9.822258587408607688e-01 1.877022354117055258e-01 4.829515785108132197e-04 1.617864880896813418e+01 -1.876994986474199434e-01 9.821896445996827207e-01 8.508833566131746018e-03 -1.051128162921309395e+00 1.122777041852691601e-03 -8.448246125534273482e-03 9.999636825950813934e-01 -2.235266137784423096e-02
9.817246111845517875e-01 1.902886259562700799e-01 2.650778416856295477e-03 1.647152217866297619e+01 -1.903037429341470632e-01 9.816947042313374228e-01 7.745521893398165346e-03 -1.104444799274059141e+00 -1.128370415509609426e-03 -8.108422523634552931e-03 9.999664895707173207e-01 -3.060970905513545753e-02
9.817209624758082009e-01 1.903078261475162625e-01 2.623574389919086647e-03 1.647121620840352918e+01 -1.903227896430324251e-01 9.816905229519987675e-01 7.807233103046763191e-03 -1.103830132837264166e+00 -1.089760554775381831e-03 -8.163850392921476878e-03 9.999660814091122507e-01 -3.041464424266176678e-02
9.814714622507665354e-01 1.916003976194661784e-01 1.748261823818342622e-03 1.676814464231800272e+01 -1.916082099905867531e-01 9.814416893744525305e-01 7.648805267743918890e-03 -1.161728709806557180e+00 -2.503029072235335916e-04 -7.842065409260700476e-03 9.999692192055571471e-01 -3.026977787753541010e-02
9.814091740968553523e-01 1.918983993268176258e-01 3.322248385273138347e-03 1.706338863281303730e+01 -1.919160006157979437e-01 9.813917242058998180e-01 6.207444547320439300e-03 -1.223602670656681823e+00 -2.069228398522698128e-03 -6.729635649591693240e-03 9.999752148417772046e-01 -2.184993324311038793e-02
9.812818202462034733e-01 1.925633594202269538e-01 2.311247086326178191e-03 1.734939306861401676e+01 -1.925744753124807307e-01 9.812612989634752481e-01 6.429200155234620663e-03 -1.286726632913086865e+00 -1.029908937876950099e-03 -6.753944426022566623e-03 9.999766614887919403e-01 -2.904366921559216330e-02
9.813587125808328482e-01 1.921527358963791565e-01 3.521836059040204126e-03 1.763410353304213629e+01 -1.921681668169477608e-01 9.813505340712951330e-01 4.746044689807456425e-03 -1.335066584653582522e+00 -2.544190225617664735e-03 -5.334357085936123309e-03 9.999825357127871683e-01 -2.076873358179793377e-02
9.813521815291964545e-01 1.921863228563590043e-01 3.509004821650163301e-03 1.763415183838456457e+01 -1.922019047949588000e-01 9.813435018504905738e-01 4.833132421706146098e-03 -1.335736864499559085e+00 -2.514677131682873691e-03 -5.417442456316669958e-03 9.999821636990111617e-01 -2.188781311021310849e-02
9.812089046536489612e-01 1.929294618314536525e-01 2.703365645283098764e-03 1.792409556201205234e+01 -1.929400919348217003e-01 9.812003680594955091e-01 4.467509831338167293e-03 -1.401305883568736421e+00 -1.790629098664371340e-03 -4.905148044271090933e-03 9.999863664921111450e-01 -3.207051690238339747e-02
9.813974085626405719e-01 1.919464488575593764e-01 3.960711742347747082e-03 1.819899619209358477e+01 -1.919563605723006716e-01 9.814007850495570784e-01 2.292321955978405320e-03 -1.455616852636113956e+00 -3.447042554206808471e-03 -3.009962638525499976e-03 9.999895289564506573e-01 -3.530830669507574460e-02
9.810919131557445105e-01 1.935233447016306008e-01 2.715326112061551556e-03 1.848039971443149909e+01 -1.935290840969834114e-01 9.810924230828697024e-01 2.037394896928894101e-03 -1.502785642063654725e+00 -2.269702399810942343e-03 -2.524366232773614296e-03 9.999942379964692485e-01 -3.810812461849536620e-02
9.813835813936301333e-01 1.920242766436195958e-01 3.597686827240163636e-03 1.876205965110746021e+01 -1.920304316242190112e-01 9.813879027740978200e-01 1.448315875128493475e-03 -1.563713487199733798e+00 -3.252614521950202703e-03 -2.112218774806546087e-03 9.999924794870304057e-01 -3.669123322861970321e-02
9.810778344463889633e-01 1.935974606577683110e-01 2.511172006765550677e-03 1.904510491990842169e+01 -1.936015213725148787e-01 9.810791194261269110e-01 1.487396484798964415e-03 -1.617439644896048412e+00 -2.175702238676716256e-03 -1.945418443207620968e-03 9.999957408243543844e-01 -3.424920453873941256e-02
9.810917422556294509e-01 1.935268794090116151e-01 2.517980147524257091e-03 1.904110145924601127e+01 -1.935309313345582594e-01 9.810930618779777346e-01 1.477346158857345071e-03 -1.616828441045755849e+00 -2.184466660751983869e-03 -1.936719159940312454e-03 9.999957386030720041e-01 -3.403264314727118961e-02
9.813953589041084502e-01 1.919651225859704546e-01 3.541360194828258902e-03 1.932320941884694676e+01 -1.919694767536624658e-01 9.814004556839807103e-01 9.303645521959450415e-04 -1.671597554786856898e+00 -3.296894963633628488e-03 -1.592888517211428403e-03 9.999932965724173117e-01 -3.713743155741286439e-02
9.810850587039029458e-01 1.935625897030893716e-01 2.373068771204952208e-03 1.960587643932383628e+01 -1.935654598321234210e-01 9.810868069980944739e-01 1.043980010459482364e-03 -1.733115793760358292e+00 -2.126110989105562711e-03 -1.483577337758881223e-03 9.999966393195253156e-01 -3.546819947232767584e-02
9.817125236420665146e-01 1.903418152692215315e-01 3.242573722003651206e-03 1.988410214880769189e+01 -1.903444866737415697e-01 9.817172158678955096e-01 5.333493204347106859e-04 -1.789378944821751194e+00 -3.081771768787675090e-03 -1.140801737963289533e-03 9.999946006125032261e-01 -3.912225702803961980e-02
9.815347626802664038e-01 1.912703005586507687e-01 2.276351114493842167e-03 2.016359337559755360e+01 -1.912721031933053151e-01 9.815368673808715361e-01 6.004266441148115507e-04 -1.837216495849858688e+00 -2.119478757295979125e-03 -1.024742088913802029e-03 9.999972288528846676e-01 -3.825581420741813038e-02
9.819038344270339946e-01 1.893518997783752433e-01 3.273833808831216712e-03 2.043367666872007504e+01 -1.893534531822646527e-01 9.819089781691361374e-01 1.684006973604576019e-04 -1.893220673546706978e+00 -3.182719817955825120e-03 -7.852650273054569922e-04 9.999946268122630322e-01 -3.951128291677169502e-02
9.819036946318164816e-01 1.893515675033914658e-01 3.334419349314789258e-03 2.043415861321624050e+01 -1.893530149423410525e-01 9.819090696650705219e-01 1.210029807404437632e-04 -1.894394442716280214e+00 -3.251184497083108461e-03 -7.501956307253385440e-04 9.999944334874477647e-01 -3.756953880884883468e-02
9.816447721080331368e-01 1.907053701124695744e-01 2.236784127645067601e-03 2.071053544381774358e+01 -1.907064049187137122e-01 9.816470858403721911e-01 2.568736743676715327e-04 -1.957279869417013707e+00 -2.146745431414342868e-03 -6.787277590976380009e-04 9.999974654031287269e-01 -3.950694561812332500e-02
9.820098164129376084e-01 1.888048909165192524e-01 3.071422248720170629e-03 2.098693678170847221e+01 -1.888056785593947851e-01 9.820144676031145048e-01 -3.408662499127386144e-05 -2.003475524585591749e+00 -3.022616805874488773e-03 -5.464285614622166245e-04 9.999952825906091025e-01 -3.762777622021403617e-02
9.817202874925253786e-01 1.903159979036383731e-01 2.257890062809116225e-03 2.125740365091878914e+01 -1.903169369352676610e-01 9.817226802052129164e-01 2.066065597816533431e-04 -2.058696906651761083e+00 -2.177301350471399274e-03 -6.325445719570963431e-04 9.999974296197934320e-01 -4.236424470302859596e-02
9.820460679270269777e-01 1.886156723674338731e-01 3.106220604836428586e-03 2.153518271455822486e+01 -1.886161318784324026e-01 9.820508811606953881e-01 -1.469922434462495465e-04 -2.111080191278521312e+00 -3.078191722889534344e-03 -4.415301605531702419e-04 9.999951648817280159e-01 -3.666862579532075006e-02
9.817774182760590218e-01 1.900237191945388648e-01 2.021659385583086162e-03 2.180273903459367446e+01 -1.900243020821771878e-01 9.817793819988378523e-01 9.848939747475357566e-05 -2.164889777259834336e+00 -1.966108180580530395e-03 -4.808590801736371367e-04 9.999979515944856789e-01 -3.734961881528547911e-02
9.817786210081533849e-01 1.900168466174109727e-01 2.082626443701751304e-03 2.180344946411501184e+01 -1.900175510959741243e-01 9.817806830191705414e-01 1.439649256315042581e-04 -2.159281084094357261e+00 -2.017326651179283080e-03 -5.370772628399640486e-04 9.999978209682239827e-01 -3.864306949849365125e-02
9.820940703086770140e-01 1.883697555226672149e-01 2.841173853528121233e-03 2.208643851892976073e+01 -1.883701569150347810e-01 9.820980946841323389e-01 -1.280687403640488301e-04 -2.217007860231781091e+00 -2.814435705528813871e-03 -4.094168141085523390e-04 9.999959556565874985e-01 -4.071893150882625878e-02
9.823302303732922569e-01 1.871471784451903264e-01 1.803356525655972842e-03 2.236362529923769316e+01 -1.871468300671811635e-01 9.823318855093393642e-01 -3.615348833453556278e-04 -2.268512295224947906e+00 -1.839154849420797334e-03 1.765418798714394905e-05 9.999983085974543107e-01 -4.440594484136405756e-02
9.823277479107506149e-01 1.871593397890263522e-01 1.891352513014443650e-03 2.236244680574786159e+01 -1.871591404302187789e-01 9.823295657874612230e-01 -2.834311899824913856e-04 -2.269277062747173002e+00 -1.910978287253243136e-03 -7.556158804315255993e-05 9.999981712245438192e-01 -4.363417967130568675e-02
9.826800960138849517e-01 1.853043761346465645e-01 1.455020099981390582e-03 2.290799011790582895e+01 -1.853039973509004179e-01 9.826811663977377265e-01 -3.921389540354440614e-04 -2.379826112767265744e+00 -1.502485913217496650e-03 1.157261042498761974e-04 9.999988645711300750e-01 -4.559836945020755150e-02
9.826873536412523702e-01 1.852650420655246599e-01 1.558583334825988220e-03 2.290746948873043110e+01 -1.852648070195954955e-01 9.826885896289235811e-01 -2.951154165095404899e-04 -2.379657639625258003e+00 -1.586276629173119599e-03 1.255546918001989925e-06 9.999987418616481660e-01 -4.548547632058565215e-02
9.830434526054001587e-01 1.833558835517402064e-01 2.488022631560593643e-03 2.318429661638325356e+01 -1.833550354477704314e-01 9.830465959341165849e-01 -5.667435861964984379e-04 -2.429528039991448285e+00 -2.549757949557025175e-03 1.009420939119244306e-04 9.999967442672462736e-01 -4.468594969423819036e-02
9.828130050553700592e-01 1.845983948877249758e-01 1.424675018594234255e-03 2.345531218791692041e+01 -1.845980620106642267e-01 9.828140331920678374e-01 -3.628534800870504670e-04 -2.485734462038580173e+00 -1.467172771016078117e-03 9.362487173165034895e-05 9.999989193186377134e-01 -4.739490365951196105e-02
9.828134055931876389e-01 1.845961662766731626e-01 1.437074206603586009e-03 2.345878527810656067e+01 -1.845959045192263337e-01 9.828144552922569721e-01 -3.138523742304583520e-04 -2.484226292102849953e+00 -1.470313248637430308e-03 4.318030774170587382e-05 9.999989181566207863e-01 -4.660254153416271833e-02
9.831112465046257798e-01 1.829924713241490586e-01 2.456101545403630709e-03 2.373058053458545658e+01 -1.829915896435033440e-01 9.831143070024526143e-01 -5.809361677670767023e-04 -2.525748623786353342e+00 -2.520935513758421412e-03 1.216789539138354913e-04 9.999968150341118633e-01 -4.168611956947249064e-02
9.828575173948804755e-01 1.843620136619301408e-01 1.322277917246364324e-03 2.401077340200542665e+01 -1.843619408337116294e-01 9.828584044283367183e-01 -1.778106048150750640e-04 -2.590055684036420391e+00 -1.332393485109738913e-03 -6.901523353007078549e-05 9.999991099818531515e-01 -4.425330277563055414e-02
9.831807913236758623e-01 1.826205626010986571e-01 2.293836831315029887e-03 2.429111945409687578e+01 -1.826196917544513076e-01 9.831834547045676942e-01 -5.853022300623960013e-04 -2.631515567987873006e+00 -2.362150642886562488e-03 1.565581346465007371e-04 9.999971978630194380e-01 -4.180022094574584873e-02
9.828435978998169009e-01 1.844355293749191105e-01 1.413354710054544154e-03 2.456264210314229146e+01 -1.844353119763220417e-01 9.828446139507360790e-01 -2.837679074065650709e-04 -2.679410345903118884e+00 -1.441444948601156018e-03 1.822695420185651075e-05 9.999989609515793632e-01 -4.772994420331378579e-02
9.831016407223018838e-01 1.830447351614761520e-01 2.406021359673419461e-03 2.483760593601158106e+01 -1.830440668952732775e-01 9.831045837607644833e-01 -4.969537330377510071e-04 -2.734614871191125118e+00 -2.456335391772647338e-03 4.814809560096830433e-05 9.999969820445480106e-01 -4.216161024297732790e-02
9.831056227724198626e-01 1.830226617026139424e-01 2.457595683404895526e-03 2.483316281480265886e+01 -1.830219598656774305e-01 9.831086932280227453e-01 -5.094177224128283070e-04 -2.736304901616042784e+00 -2.509318668269495695e-03 5.101744870977838859e-05 9.999968503535603404e-01 -4.152692614128476040e-02
9.828293711543422129e-01 1.845125373390164580e-01 1.245295578719495715e-03 2.511142718678476626e+01 -1.845124702757824919e-01 9.828301580513639779e-01 -1.695212652937699762e-04 -2.791743217438276581e+00 -1.255192849245820612e-03 -6.316208488707989843e-05 9.999992102504192681e-01 -4.812718023434627707e-02
9.830763836822277169e-01 1.831843952372399775e-01 2.073930529228388414e-03 2.539244575273583493e+01 -1.831838129396990145e-01 9.830785679507322294e-01 -4.689486229790494880e-04 -2.843588087217009619e+00 -2.124740724600901812e-03 8.110181429490034301e-05 9.999977394471194492e-01 -4.228489713673662387e-02
9.831204702129328066e-01 1.829585232445448684e-01 5.655267254770035643e-04 2.567286221268645718e+01 -1.829585478470577842e-01 9.831206282546435249e-01 -8.360071604839090873e-06 -2.900699894450659677e+00 -5.575105360007830309e-04 -9.524899093481104776e-05 9.999998400548032462e-01 -5.473902819798039804e-02
9.831196206636193535e-01 1.829571360251193990e-01 1.580456803336396585e-03 2.596052299791517015e+01 -1.829566907246930330e-01 9.831208828499455876e-01 -4.231115840813921879e-04 -2.949864792603628327e+00 -1.631191371444864167e-03 1.268141534687273325e-04 9.999986615655444000e-01 -4.767162903653660022e-02
9.831234520549464451e-01 1.829364016363241863e-01 1.597177485106271964e-03 2.595693115763220860e+01 -1.829359457081176088e-01 9.831247409919720015e-01 -4.282725120603403054e-04 -2.949862562717828762e+00 -1.648571333639380597e-03 1.288635767753767568e-04 9.999986328024336180e-01 -4.667142783658950744e-02
9.831009358744974280e-01 1.830643147366387002e-01 8.094870092518225986e-05 2.624015521217791402e+01 -1.830643247959494180e-01 9.831009270659801791e-01 1.420880484179955097e-04 -3.002631591336635708e+00 -5.356949170842675737e-05 -1.545057126542900307e-04 9.999999866291470196e-01 -5.792531679883234502e-02
9.831171612809199711e-01 1.829757069574798611e-01 7.333882709982450770e-04 2.654509178981847839e+01 -1.829755890766491533e-01 9.831174309516884646e-01 -2.253020312601451670e-04 -3.054631616785202120e+00 -7.622315913226767378e-04 8.730614249548994301e-05 9.999997056902760750e-01 -5.014198016445116368e-02
9.830678768816508706e-01 1.832412688837654902e-01 -4.322282624689770497e-04 2.683898111181538226e+01 -1.832411608443032247e-01 9.830679527613349622e-01 2.778957897808543307e-04 -3.106391171028453080e+00 4.758317302478660472e-04 -1.939884154896824814e-04 9.999998679763208997e-01 -5.809437540109227416e-02
9.830689848688570764e-01 1.832350728006909013e-01 5.282846206029050704e-04 2.714133182800008726e+01 -1.832350463656378659e-01 9.830691268144493566e-01 -9.842590460086451866e-05 -3.168514245913313321e+00 -5.373753784806138039e-04 -4.080282965586998559e-08 9.999998556138400829e-01 -5.447562427724476908e-02
