1.000000000000000000e+00 0.000000000000000000e+00 0.000000000000000000e+00 0.000000000000000000e+00 0.000000000000000000e+00 1.000000000000000000e+00 0.000000000000000000e+00 0.000000000000000000e+00 0.000000000000000000e+00 0.000000000000000000e+00 1.000000000000000000e+00 0.000000000000000000e+00
9.999999999700061037e-01 7.745160611781749078e-06 1.493242298639300149e-08 -5.408566736793827054e-05 -7.745160579241670590e-06 9.999999999676345563e-01 -2.177925923096584257e-06 2.700565445034795405e-04 -1.494929137198465060e-08 2.177925807377246086e-06 9.999999999976282306e-01 -3.477931478904760517e-05
9.999989672763250903e-01 -3.805855843622310921e-04 1.385857458883586182e-03 3.184005437249892712e-01 3.807289312493353944e-04 9.999999222003858046e-01 -1.031731711066710645e-04 1.118603173375851134e-02 -1.385818084842794498e-03 1.037007005864793189e-04 9.999990343767339862e-01 2.935040849035870127e-03
9.999997413677566005e-01 -2.249297253465354536e-04 6.831332509253480387e-04 4.641701802146802058e-01 2.251173515813977228e-04 9.999999369609988698e-01 -2.745909254859515590e-04 -1.345329137927810809e-02 -6.830714441998580414e-04 2.747446396161100195e-04 9.999997289643558496e-01 3.983560042618707747e-03
9.999995762519421350e-01 -2.629238989110048528e-04 8.822510751524430999e-04 6.929528099451885970e-01 2.631124435598401409e-04 9.999999425735787151e-01 -2.135993477756115307e-04 -1.608758584370293537e-02 -8.821948641145992013e-04 2.138313884995194129e-04 9.999995880040946084e-01 3.009513373203123038e-03
9.999996396635777440e-01 -2.946665331353390043e-04 7.961434223176124371e-04 6.925365507523665309e-01 2.948603258548396179e-04 9.999999269293188275e-01 -2.433079224672392391e-04 -1.595379825850276254e-02 -7.960716694408726110e-04 2.435425859034647358e-04 9.999996534783929247e-01 1.723494872302953722e-03
9.999994817497415145e-01 -6.937667791041978891e-04 7.451093238680927015e-04 9.317088356404633620e-01 6.939716475886558095e-04 9.999997214640190535e-01 -2.747275680564470425e-04 -1.593407416266415938e-02 -7.449185194683146218e-04 2.752445104239322968e-04 9.999996846683797402e-01 2.881419056923819038e-03
9.999988873180505333e-01 4.455389332719236523e-04 1.423677533617461128e-03 1.235377957888542211e+00 -4.450146829117819524e-04 9.999998330729261697e-01 -3.685322940392967372e-04 -6.135544555985361637e-03 -1.423841491452299121e-03 3.678983265738739752e-04 9.999989186625296567e-01 1.706838690616514515e-03
9.999981856705365546e-01 -1.640581319275613873e-03 9.680643418709568163e-04 1.448139433297119805e+00 1.640991018628634940e-03 9.999985642894115845e-01 -4.225725883545492900e-04 -9.982152303631067550e-03 -9.673696873162383617e-04 4.241604065591166994e-04 9.999994421417631729e-01 1.254959462363639498e-03
9.999978685548304158e-01 9.094448848728408285e-04 1.853589975554227132e-03 1.723371136444612040e+00 -9.081597282796053132e-04 9.999993467647665391e-01 -6.940575971097312198e-04 -1.196703496786442195e-02 -1.854219971855445128e-03 6.923727619954773678e-04 9.999980412422088127e-01 1.064845493356022512e-03
9.999988380602458093e-01 -7.977591675558664153e-04 1.299022120214817855e-03 1.927120641095582787e+00 7.983228175521771795e-04 9.999995874040038535e-01 -4.334426156174099967e-04 -3.269088591122246493e-03 -1.298675801423273884e-03 4.344791509822763082e-04 9.999990623340754281e-01 2.001756784987620413e-03
9.999989118426891865e-01 -8.265851455233283202e-04 1.221912613425068031e-03 1.927726356786406026e+00 8.271471660319701553e-04 9.999995523354238136e-01 -4.595177012872275063e-04 -2.370257997863868971e-03 -1.221532235912086740e-03 4.605279028150146593e-04 9.999991478861606220e-01 1.145768683472808648e-03
9.999983786499195837e-01 -3.628067185008447808e-04 1.763822218105646784e-03 2.196839078068032247e+00 3.638772509749870756e-04 9.999997497809073321e-01 -6.066559724195247838e-04 -6.910099029311818006e-03 -1.763601677901039180e-03 6.072968035977479228e-04 9.999982604483440563e-01 1.494120238257293926e-04
9.999921662796497079e-01 -3.502675149657374400e-03 1.843541735198407335e-03 2.435917559973082014e+00 3.503799209376431273e-03 9.999936775407345380e-01 -6.068522537248738575e-04 7.799271307724800484e-03 -1.841404473172246438e-03 6.133068998882648020e-04 9.999981165403326600e-01 -1.167985958659695537e-03
9.999977901828357441e-01 -1.193974424550246294e-03 1.730333643779617854e-03 2.631742192763712573e+00 1.195075164345579333e-03 9.999990841267167863e-01 -6.352488324722196716e-04 8.305935980862240789e-03 -1.729573588154065256e-03 6.373153074521587360e-04 9.999983012007580552e-01 3.458390284872760352e-03
9.999646603798569844e-01 -2.431176328844001245e-03 8.047817906452165576e-03 2.859968824909171481e+00 2.451434217053965244e-03 9.999938494732901750e-01 -2.508283450932851429e-03 5.191178962288748103e-03 -8.041670328781235638e-03 2.527923505336980656e-03 9.999644699393446245e-01 -1.159108954852420582e-02
9.999740688419681556e-01 4.728365373147929980e-04 7.185963348623257071e-03 3.066028563110833716e+00 -4.546942965751847739e-04 9.999967060263127427e-01 -2.526101664801054265e-03 5.173481278615693624e-04 -7.187134111413159485e-03 2.522768743509562397e-03 9.999709899497741805e-01 -1.220271090958903806e-02
9.999728798663486407e-01 4.484701071296021938e-04 7.351081985942573005e-03 3.062054370261864555e+00 -4.289779013095845121e-04 9.999963888502272358e-01 -2.652972760010458182e-03 -2.694964859471102141e-03 -7.352245219062423023e-03 2.649747359311949158e-03 9.999694611982761216e-01 -1.384177874554276891e-02
9.999571127812946214e-01 -3.710664454956434741e-03 8.485491582686794168e-03 3.326318786483077439e+00 3.731586444512997435e-03 9.999900335939290175e-01 -2.451117177911926997e-03 2.263873918982279611e-03 -8.476311739444958651e-03 2.482676401678428433e-03 9.999609934678354017e-01 -8.504988471060886263e-03
9.999664792679668901e-01 -3.588152924866644855e-05 8.187737962502697822e-03 3.499231760913644962e+00 5.753679312897162377e-05 9.999965013294955796e-01 -2.644620631692761771e-03 -2.808927705739042852e-03 -8.187614423272841432e-03 2.645003078258580109e-03 9.999629827792485548e-01 -1.176991563989078678e-02
9.999587479571958593e-01 -3.242436834389682363e-03 8.484632417033821303e-03 3.756107653303758731e+00 3.264008599188226046e-03 9.999914730413430597e-01 -2.529840403909405268e-03 4.210391075559989649e-03 -8.476357221213219953e-03 2.557429955994925536e-03 9.999608046920032134e-01 -1.514213485311026453e-02
9.999611300246663559e-01 1.922029683279198424e-03 8.604896378745740398e-03 3.982605613013969315e+00 -1.900344457567650861e-03 9.999950000267391337e-01 -2.527570466791134642e-03 7.983895229423155354e-03 -8.609711419957685741e-03 2.511119953048142599e-03 9.999597827642101588e-01 -1.494761717995842301e-02
9.999550768398249856e-01 -3.489607746400049011e-03 8.812884887248824753e-03 4.208130664644083474e+00 3.510230677764778796e-03 9.999911346473115970e-01 -2.325705779138509746e-03 1.615611518593189355e-02 -8.804690957013366556e-03 2.356536559976103902e-03 9.999584612135611339e-01 -1.627847756148635000e-02
9.999653274141035997e-01 5.494828644796004075e-05 8.327121368786539329e-03 4.411409878144942454e+00 -3.540479085846096963e-05 9.999972449344176617e-01 -2.347098224397151621e-03 4.662859668246976952e-03 -8.327227396046611718e-03 2.346722024441844252e-03 9.999625743894791086e-01 -2.078899732359338129e-02
9.999656877924352205e-01 2.195207769878840519e-05 8.283885314774733569e-03 4.410989098211686610e+00 -2.341646704671583376e-06 9.999971979363658781e-01 -2.367300980747493334e-03 4.466489971933503868e-03 -8.283914069976009223e-03 2.367200355492123879e-03 9.999628858763500716e-01 -2.128127607531983198e-02
9.999619053127489776e-01 -1.687496055879569986e-03 8.563893995034144863e-03 4.631329952652606607e+00 1.705437287103205761e-03 9.999963656229499120e-01 -2.088115071352408987e-03 4.323966251849740983e-03 -8.560339184667219159e-03 2.102640709403752126e-03 9.999611489928449393e-01 -2.267679847743634194e-02
9.999668794722317289e-01 5.672661297108842586e-04 8.119000412934547148e-03 4.827014871598763968e+00 -5.526625075073406113e-04 9.999982257904355132e-01 -1.800827624689395985e-03 3.294505857545974858e-03 -8.120007556643294225e-03 1.796280913201380976e-03 9.999654188281517087e-01 -2.200973703679634172e-02
9.999649523983745736e-01 -7.753419584498343932e-04 8.336235347199578982e-03 5.046843407954756167e+00 7.906593387727331532e-04 9.999980050855001856e-01 -1.834307179849983078e-03 7.381283240409722279e-04 -8.334796501801588348e-03 1.840834014110155929e-03 9.999635705851518397e-01 -2.590979268353402892e-02
9.999739055313577873e-01 2.118958988926100077e-03 6.906393354453470301e-03 5.259238928502933064e+00 -2.108507656015566872e-03 9.999966215670152980e-01 -1.520213807360581244e-03 1.055410006047304700e-03 -6.909591292378553309e-03 1.505611954925735506e-03 9.999749950277824206e-01 -2.464796523875111348e-02
9.999671846518602969e-01 -2.807821855681644739e-03 7.599062827678504904e-03 5.467879011038765391e+00 2.818188396797644338e-03 9.999951124770382060e-01 -1.353822808117319341e-03 3.356022645574170682e-03 -7.595224393815095364e-03 1.375193972638051512e-03 9.999702102602583409e-01 -3.051243470126164745e-02
9.999669690047484627e-01 -2.828211192889903015e-03 7.619850451602575708e-03 5.462250003188397152e+00 2.839562606789181303e-03 9.999948742506931110e-01 -1.479309481656285652e-03 2.856564289032796633e-03 -7.615627594525636868e-03 1.500897661003517932e-03 9.999698743074976193e-01 -3.272505502748201955e-02
9.999765784346255071e-01 1.825343183413934969e-03 6.596264430869518136e-03 5.650767498296461078e+00 -1.816652838705164761e-03 9.999974744325708098e-01 -1.323216136372068474e-03 -1.559026928188926575e-03 -6.598663095113626448e-03 1.311202022075636919e-03 9.999773689412247979e-01 -2.688482939536730384e-02
9.999966510593756297e-01 -1.034911061181376275e-03 2.372093827979984085e-03 5.881887634825837097e+00 1.031754851799772821e-03 9.999985814321106226e-01 1.331396143984262329e-03 1.492913378868077068e-02 -2.373468339600072561e-03 -1.328944265901685958e-03 9.999963002707454862e-01 -6.711213603354181448e-03
9.999771384917653938e-01 1.232112518813030782e-03 6.648638399075482847e-03 6.055205896159039369e+00 -1.223954713591948306e-03 9.999984933864234371e-01 -1.230918251703275743e-03 5.186543789325336051e-03 -6.650145011934163394e-03 1.222752478748011630e-03 9.999771399625573265e-01 -2.930430641393443753e-02
9.999962732380001107e-01 -2.081954231487619447e-03 1.766062481608017456e-03 6.268723127804623374e+00 2.079174435376689167e-03 9.999965991651711406e-01 1.574386153208462728e-03 8.461202418012420817e-03 -1.769334275434888016e-03 -1.570708333882936359e-03 9.999972011618590839e-01 -1.292545139204405100e-02
9.999973001370612291e-01 1.256685830156412586e-03 1.954599527409746091e-03 6.467057119411663280e+00 -1.260014349151697194e-03 9.999977567254793032e-01 1.702617939826642527e-03 3.535394244282969584e-03 -1.952455486867277689e-03 -1.705076166442949298e-03 9.999966403107755086e-01 -1.521131802738447288e-02
9.999974582738218043e-01 1.202558980103174673e-03 1.907170101319137674e-03 6.463269366898570567e+00 -1.205664952345599904e-03 9.999979475624781733e-01 1.628263754386033045e-03 2.553785059015118569e-03 -1.905208103771847700e-03 -1.630559023934745637e-03 9.999968557247321810e-01 -1.417224478966946574e-02
9.999888343075585828e-01 -4.266678707733766868e-03 2.031431272566875963e-03 6.657682885695570540e+00 4.263082536700386893e-03 9.999893442268362742e-01 1.771315914034120829e-03 1.171151867533088559e-02 -2.038967261991116772e-03 -1.762635976882821406e-03 9.999963678568625225e-01 -1.540128535601320743e-02
9.999968372915256642e-01 1.385785317173343417e-03 2.098810615692763698e-03 6.866939772210338688e+00 -1.389512375322214362e-03 9.999974586382939234e-01 1.775379484067688167e-03 9.741698791212199948e-03 -2.096344987034404715e-03 -1.778290192383911615e-03 9.999962215037050406e-01 -1.420383210624457000e-02
9.999955638811789393e-01 -2.207389868648744653e-03 1.999911980744282711e-03 7.033182811691206737e+00 2.203841883515317117e-03 9.999959970348263338e-01 1.774540863441575632e-03 1.369848700708058836e-02 -2.003821078689737266e-03 -1.770125501580944094e-03 9.999964256720087485e-01 -1.909775251518088315e-02
9.999977733101250710e-01 -6.525080137797454596e-04 2.006890152367883390e-03 7.242945811950416868e+00 6.489255632996167615e-04 9.999981959606601967e-01 1.785208962113070787e-03 1.029837869668933162e-02 -2.008051395013147906e-03 -1.783902664683744430e-03 9.999963927039327016e-01 -1.398105475960570443e-02
9.999924026943396438e-01 -5.246851030334513406e-04 3.862545681830198419e-03 7.429144091428251606e+00 5.240616541282864041e-04 9.999998494896896739e-01 1.624191512270207517e-04 3.450613952781367635e-03 -3.862630319386345205e-03 -1.603937051999177962e-04 9.999925271525158532e-01 -2.396234417168904146e-02
9.999924663109088785e-01 -5.210844449088063027e-04 3.846529920199223251e-03 7.427059873773968590e+00 5.200534391114325751e-04 9.999998285834535983e-01 2.690306372932983921e-04 4.022020443026554960e-03 -3.846669448520646014e-03 -2.670282093864764653e-04 9.999925658874115886e-01 -2.536480030925193987e-02
9.999853868875518970e-01 -5.550228209278500711e-04 5.377542284480313350e-03 7.604620151531757521e+00 5.581747322971632695e-04 9.999996733174120189e-01 -5.846418027338394713e-04 4.534425743675368596e-03 -5.377216038188296909e-03 5.876348675224906575e-04 9.999853700094522013e-01 -3.599368443820152863e-02
9.999815513235816855e-01 -3.450386486197979177e-03 4.999184491384388307e-03 7.800056130168974811e+00 3.453253183819380602e-03 9.999938779381364329e-01 -5.649147686410482903e-04 9.421227247820181810e-03 -4.997204711784091619e-03 5.821677964726512580e-04 9.999873444327809224e-01 -3.426023702957868566e-02
9.999690270056963426e-01 2.381011292115810859e-03 7.501720769773984922e-03 7.970218806160271008e+00 -2.374892218030123011e-03 9.999968400450690575e-01 -8.244918613042607732e-04 5.311030248697515277e-03 -7.503660189106471472e-03 8.066505460445661272e-04 9.999715217938274225e-01 -4.314770503157853987e-02
9.999657656119498306e-01 -3.529967307716103640e-03 7.483778117598292173e-03 8.149351276536796362e+00 3.531314014196713057e-03 9.999937509894094578e-01 -1.667437074966356440e-04 1.354854279973922992e-02 -7.483142751553347252e-03 1.931655696736618111e-04 9.999719822383138501e-01 -4.317947343218651174e-02
9.999760415135401370e-01 -3.456190261288140365e-04 6.913533568259947262e-03 8.331890671945354043e+00 3.489348468454645381e-04 9.999998246829275850e-01 -4.784125695068090073e-04 4.697581116507823507e-03 -6.913367007713121931e-03 4.808134802425419879e-04 9.999759867991900864e-01 -3.707517017018541194e-02
9.999753961631302479e-01 -3.914380055096033820e-04 7.003844992465767076e-03 8.325400624838545482e+00 3.949700573709501888e-04 9.999997955321421328e-01 -5.029257675985716056e-04 2.839134607399946414e-03 -7.003646696145196700e-03 5.056797027535195289e-04 9.999753463065945702e-01 -3.949102586801783027e-02
9.999608447489574115e-01 -5.244807901340813386e-04 8.833679236438730237e-03 8.503909173412740330e+00 5.224457853986912495e-04 9.999998364563821296e-01 2.326749025829778013e-04 5.397866945694532528e-03 -8.833799825263621147e-03 -2.280506736521144924e-04 9.999609552245214417e-01 -3.355461783657787134e-02
9.999653358852413909e-01 2.746013119716092781e-03 7.860435093734319603e-03 8.685190895215043838e+00 -2.747563748896135385e-03 9.999962080524675834e-01 1.864782337285713948e-04 6.304275014508062963e-03 -7.859893215700500604e-03 -2.080688161397728432e-04 9.999690889152551554e-01 -3.914770640175711108e-02
9.999499166452826548e-01 -3.507412915730451219e-03 9.373486850193948547e-03 8.849943391676044158e+00 3.498830458225983715e-03 9.999934448974755474e-01 9.318516534713142032e-04 9.084199688951646867e-03 -9.376693794551563613e-03 -8.990087419231702209e-04 9.999556337141989326e-01 -3.224795304644094418e-02
9.999569824391194572e-01 1.771562821231910346e-03 9.104660148567889424e-03 9.012369349240136884e+00 -1.785193171513166756e-03 9.999972977325535251e-01 1.489165179217732211e-03 4.430294480434207594e-03 -9.101997395674984656e-03 -1.505354696090145357e-03 9.999574428697693973e-01 -3.276821362190080605e-02
9.999621728239229679e-01 -1.085125248294551087e-03 8.629914510260185481e-03 9.198643367481695421e+00 1.073069309471768587e-03 9.999984421564575010e-01 1.401501664327538168e-03 1.417599765775872517e-02 -8.631421871045081781e-03 -1.392188153072983908e-03 9.999617794539101823e-01 -3.310962942047134677e-02
9.999624016875769961e-01 -1.055376567169673437e-03 8.607054752610447321e-03 9.195256533365757434e+00 1.043579854329026568e-03 9.999985102085164890e-01 1.374962484982173100e-03 1.056965231694462909e-02 -8.608493033080965098e-03 -1.365928639768161602e-03 9.999620133218313223e-01 -3.381178286147235035e-02
9.999532213921175083e-01 -1.784830649024187962e-03 9.506282505853537457e-03 9.369432020271331041e+00 1.768056870538431326e-03 9.999968659168023688e-01 1.772605843208819188e-03 5.343275711763462166e-03 -9.509416513610861876e-03 -1.755715275077395898e-03 9.999532431376196850e-01 -2.733352064817410818e-02
9.999539353430910715e-01 -1.121529312579241152e-03 9.532542361102114975e-03 9.524157137025961006e+00 1.106313949110145339e-03 9.999981059955617146e-01 1.601272848509499580e-03 6.902249789031582317e-03 -9.534320180861616256e-03 -1.590653101840544710e-03 9.999532821894222545e-01 -2.712330070640023641e-02
9.999636904899098511e-01 -8.038865838084312525e-04 8.483599952858397741e-03 9.695617315005375048e+00 7.960756546880087044e-04 9.999992562010263653e-01 9.240459652723069300e-04 6.726382284104017589e-03 -8.484336470919763562e-03 -9.172588262294241847e-04 9.999635866724817523e-01 -3.866379270046130245e-02
9.999856928651100763e-01 -1.611745252578711349e-03 5.100621758815082445e-03 9.869528355881001858e+00 1.615096623730313818e-03 9.999984825253459553e-01 -6.530006901922655793e-04 8.753431161678782227e-03 -5.099561547988494710e-03 6.612293446048954490e-04 9.999867785364825457e-01 -4.605003600417933995e-02
9.999742437658964977e-01 -1.062994898224885361e-03 7.098017094220186209e-03 1.003233656072738356e+01 1.065000207052336188e-03 9.999993940382663205e-01 -2.787429983283752177e-04 2.990062755086821556e-03 -7.097716490708303426e-03 2.862952086334610347e-04 9.999747699095568043e-01 -4.321887883476750736e-02
9.999732945203686496e-01 -1.116395903952023538e-03 7.222458464096381293e-03 1.002774595507555233e+01 1.116988832221088666e-03 9.999993731209524395e-01 -7.806183927005099540e-05 2.540576117745546071e-03 -7.222366788570882233e-03 8.612716003676873283e-05 9.999739146598193296e-01 -4.287071183627026022e-02
9.999927642041839260e-01 -1.089404126297916766e-03 3.644823442223884841e-03 1.020443961674363642e+01 1.092774199244924945e-03 9.999989771830878338e-01 -9.227552912526769619e-04 4.850483765865226324e-03 -3.643814460814972980e-03 9.267315834022665745e-04 9.999929318673944634e-01 -4.457524104861569636e-02
9.999841695961848576e-01 -3.502093809372074529e-03 4.404077199473073641e-03 1.041057013411202270e+01 3.506709609220818539e-03 9.999933098502187256e-01 -1.040789374048383710e-03 8.535523517564470170e-03 -4.400402793513245002e-03 1.056216717767448354e-03 9.999897603783250988e-01 -3.896008828670845248e-02
9.999927097440530765e-01 -3.958508871213377604e-04 3.797862664862092404e-03 1.057371124867731993e+01 4.018970022468704596e-04 9.999986530454244571e-01 -1.591347270822155617e-03 3.766054735355739425e-03 -3.797227613084725589e-03 1.592862019113204302e-03 9.999915218905820469e-01 -4.848010702681261608e-02
9.999910941932993458e-01 -1.846075102155341667e-03 3.795199705563704218e-03 1.076959835912325048e+01 1.849518406037823455e-03 9.999978810583084465e-01 -9.039693351416129390e-04 1.130659331552408275e-02 -3.793522868474103523e-03 9.109805762754802794e-04 9.999923896203590790e-01 -4.889513791221861139e-02
9.999910274512623376e-01 -1.834834274896430086e-03 3.818167119479991788e-03 1.076810698561821944e+01 1.838191846907393260e-03 9.999979267965963814e-01 -8.760440873910536799e-04 6.925890919864857546e-03 -3.816551807925058944e-03 8.830547507119412658e-04 9.999923270438652034e-01 -4.754876741903656112e-02
9.999929497206928586e-01 -9.107104360906030953e-04 3.642954214574506498e-03 1.096219140331510822e+01 9.121395316358376368e-04 9.999995076976568864e-01 -3.906480751137360904e-04 9.961727125984247422e-03 -3.642596653860765993e-03 3.939682034867485216e-04 9.999932881168113186e-01 -4.557716849100044987e-02
9.999813726414715775e-01 -3.667775961959066945e-03 4.878707776775323239e-03 1.115114976773766742e+01 3.667561059461671435e-03 9.999932730710823225e-01 5.299489451352836780e-05 1.150588894964148928e-02 -4.878869331455103035e-03 -3.510094869603409742e-05 9.999880976301518398e-01 -5.047451624156823469e-02
9.999814999359363243e-01 -3.654335375127649738e-03 4.862676098725738326e-03 1.114830980356754786e+01 3.654365911119409217e-03 9.999933227792071611e-01 2.605398200496450145e-06 1.119597743792268701e-02 -4.862653150562592543e-03 1.516464777153562574e-05 9.999881771172951517e-01 -4.982666908407560463e-02
9.999890404492545182e-01 -1.994038282539013947e-03 4.235893377663520372e-03 1.136073361497848566e+01 1.995843023257201469e-03 9.999979193140278166e-01 -4.218746751747844419e-04 1.746811418173963015e-02 -4.235043329846858128e-03 4.303242298629447542e-04 9.999909395734800643e-01 -5.133511779253203955e-02
9.999867507375317377e-01 -6.705612415767316743e-04 5.103792414951475315e-03 1.154871101813040113e+01 6.721941460647941390e-04 9.999997234420608949e-01 -3.182307837733656746e-04 1.038104619513834440e-02 -5.103577610227687592e-03 3.216573068342462572e-04 9.999869249305979313e-01 -5.136291231287498649e-02
9.999728276748446332e-01 -3.522805614745019159e-03 6.475627581640881585e-03 1.175323058314611835e+01 3.520188171212297427e-03 9.999937177758856377e-01 4.155526459804672734e-04 9.390818713767963566e-03 -6.477050811491614178e-03 -3.927459268347831918e-04 9.999789465600874561e-01 -5.323641355757684906e-02
9.999758835072661833e-01 -7.766827349072949601e-04 6.901388830636037870e-03 1.195747168455279308e+01 7.749922617869198964e-04 9.999996690361748763e-01 2.476177192263664495e-04 1.213308565046024995e-02 -6.901578866933371671e-03 -2.422632246161143582e-04 9.999761544745322528e-01 -5.260235177590893291e-02
9.999778964976123730e-01 1.720661851791089605e-04 6.646571254284488854e-03 1.215901355521387828e+01 -1.707932502409700382e-04 9.999999669665738944e-01 -1.920846605525804878e-04 6.971582222638723902e-03 -6.646604086000241184e-03 1.909452253013498783e-04 9.999778928526594779e-01 -5.384956885202938498e-02
9.999783052772615033e-01 1.572367350931981958e-04 6.585153864955527181e-03 1.215391637397186209e+01 -1.547296829473921223e-04 9.999999153648237993e-01 -3.812205010087786118e-04 5.677857285510635663e-03 -6.585213249486798759e-03 3.801933117660225817e-04 9.999782449731116074e-01 -5.473311008710882858e-02
9.999497670642596425e-01 -5.355205970510893906e-03 8.472609819076980589e-03 1.236216358990128761e+01 5.351191327546049245e-03 9.999855590467027211e-01 4.964367326520457502e-04 1.858188406408920607e-02 -8.475145987468955464e-03 -4.510732389920290436e-04 9.999639835681204403e-01 -6.400071929321213271e-02
9.999776353722140687e-01 3.406039975951124760e-06 6.687955128005709966e-03 1.256513795607391692e+01 -1.738329421699791774e-07 9.999998832161832718e-01 -4.832883088860769928e-04 8.654909892901976876e-03 -6.687955993060083586e-03 4.832763377360184453e-04 9.999775185916012221e-01 -5.440780961152642814e-02
9.999732435369579342e-01 -1.270582427445829518e-03 7.204014885521094723e-03 1.275523623169627108e+01 1.273502091925672727e-03 9.999991088114732474e-01 -4.007102209728038338e-04 1.825589028034049766e-03 -7.203499330020416737e-03 4.098738274115606506e-04 9.999739704616555924e-01 -5.531074880135017358e-02
9.999621340029114513e-01 -8.115777504115877531e-04 8.664404301417794052e-03 1.296784204811515195e+01 8.131206170138176098e-04 9.999996541838047648e-01 -1.745483686392225648e-04 4.343755845399411425e-03 -8.664259645554107242e-03 1.815869649628298757e-04 9.999624481104121276e-01 -7.005798376838300034e-02
9.999626936733085891e-01 -7.859120581361145677e-04 8.601953490792887957e-03 1.296413419243025977e+01 7.876513468595073685e-04 9.999996700397006943e-01 -1.988110801268847460e-04 6.971648362332208068e-03 -8.601794404464575827e-03 2.055790034684255299e-04 9.999629827500099433e-01 -6.856050039283165254e-02
9.999696243465537870e-01 -3.772064591768211142e-03 6.820697393058493437e-03 1.315995187396523214e+01 3.777590713107059454e-03 9.999925468754015112e-01 -7.974973681454908562e-04 1.788398613346901464e-02 -6.817638345966564421e-03 8.232389467707430840e-04 9.999764207645198688e-01 -5.909675690474221199e-02
9.999623863496825971e-01 1.968550044863365961e-03 8.446934152050824748e-03 1.336334554762149018e+01 -1.969772116693100338e-03 9.999980507000624241e-01 1.363593919259384400e-04 8.343178509506068985e-03 -8.446649256155515720e-03 -1.529927983157054402e-04 9.999643147180539149e-01 -6.281701210061280127e-02
9.999756363627224642e-01 -2.582754943350198343e-03 6.485064214864919713e-03 1.353550254115418383e+01 2.586333864539983995e-03 9.999965077115381407e-01 -5.435456455219237707e-04 1.371130309041876383e-02 -6.483637721947078936e-03 5.603049439655940264e-04 9.999788240259191996e-01 -6.582917019819185811e-02
9.999870689437109217e-01 -4.100557797202291819e-04 5.068905170097306317e-03 1.374513722656369019e+01 4.154172477646018145e-04 9.999993553964936499e-01 -1.056709566308362477e-03 1.327259693520659034e-02 -5.068468592798110531e-03 1.058801612572421013e-03 9.999865946927833926e-01 -6.519802448878164736e-02
9.999792040882180544e-01 -1.310981803929743865e-03 6.314484761538461180e-03 1.392659293291907296e+01 1.311894141186347200e-03 9.999991296183671219e-01 -1.403434024668123129e-04 1.206536421528715819e-02 -6.314295277879968318e-03 1.486244194610682071e-04 9.999800535940333024e-01 -6.691176767959483573e-02
9.999791853754714799e-01 -1.266651437844917589e-03 6.326484801482508240e-03 1.392617217413023489e+01 1.267984368888530611e-03 9.999991747483237825e-01 -2.066840863953754476e-04 9.340582722936375745e-03 -6.326217783845109778e-03 2.147016681820118123e-04 9.999799662351966933e-01 -6.480652919004142865e-02
9.999893639982219140e-01 2.260486771875820557e-03 4.020210191745717150e-03 1.412334930784822618e+01 -2.256255774462992848e-03 9.999968963891565643e-01 -1.056656015330145791e-03 9.585155192780026034e-04 -4.022586271522850081e-03 1.047574154275206877e-03 9.999913606567205626e-01 -6.624990860318258346e-02
9.999811284551669566e-01 -3.323403564372115395e-03 5.166983866752877796e-03 1.431942603335973452e+01 3.326477383991421118e-03 9.999942953158809100e-01 -5.864161564833153236e-04 1.256339043988621840e-02 -5.165005493197406816e-03 6.035929448807293403e-04 9.999864791054987601e-01 -6.951621560955986712e-02
9.999906596687876403e-01 1.654012301113427005e-03 3.993096353800614472e-03 1.449229888976749336e+01 -1.647883877217080385e-03 9.999974601947742014e-01 -1.537557390176617737e-03 9.303161715436852885e-03 -3.995629350950648424e-03 1.530962869779732907e-03 9.999908455074881797e-01 -7.157853632377907116e-02
9.999894368863488925e-01 -1.301617102635164828e-03 4.408163862774753215e-03 1.468556922909614748e+01 1.306457265749009188e-03 9.999985467444538756e-01 -1.095298312368095991e-03 1.330537980512908058e-02 -4.406731797570306343e-03 1.101045820314674843e-03 9.999896841532746050e-01 -6.949116446610922870e-02
9.999746225474481776e-01 -4.215167237629021844e-04 7.111721643879856218e-03 1.487451383378061998e+01 4.279875270207693719e-04 9.999994958349709417e-01 -9.083812418696322758e-04 6.010879203667482407e-03 -7.111335160513506011e-03 9.114019176269921299e-04 9.999742987991138143e-01 -7.767368773507787871e-02
9.999743358655516223e-01 -3.621067345575057560e-04 7.155172182544133029e-03 1.486606818341481251e+01 3.686660018885989476e-04 9.999995130463932291e-01 -9.154192239306258852e-04 4.277471607237588909e-03 -7.154837218841302547e-03 9.180335992099493024e-04 9.999739824208840888e-01 -7.687731631550596967e-02
9.999808100177075554e-01 -3.815034449964685870e-03 4.881097056507188725e-03 1.503840648187660634e+01 3.824661388197639431e-03 9.999907563529649712e-01 -1.964478019903015404e-03 1.409323461367719549e-02 -4.873557386046726420e-03 1.983108865048668033e-03 9.999861577630133613e-01 -7.015552411166355029e-02
9.999810962465965902e-01 7.068389151161571116e-04 6.107988883658833565e-03 1.522676002341138890e+01 -6.961679709855152220e-04 9.999982281789161487e-01 -1.748996622240214923e-03 3.702713413829564204e-03 -6.109214320270355339e-03 1.744711373411426047e-03 9.999798165376201364e-01 -7.469693331623381005e-02
9.999563433380831423e-01 -7.132330973383073890e-03 6.036660733851431995e-03 1.540862642562953866e+01 7.144103659396497212e-03 9.999726163549262914e-01 -1.930886632376995968e-03 9.421405803888893704e-03 -6.022723705542272835e-03 1.973928866351329879e-03 9.999799150002950388e-01 -7.445210956866878116e-02
9.999635611396712198e-01 -5.771780981296427589e-03 6.289907564588266727e-03 1.559285550122248409e+01 5.787903986392708457e-03 9.999800033947343625e-01 -2.548132279005290487e-03 1.196151928328501035e-02 -6.275074526363750606e-03 2.584444809036198689e-03 9.999769717772093447e-01 -7.491843794269750778e-02
9.998494315722942227e-01 -1.643162384313471072e-02 5.578164791216181154e-03 1.575263390039832245e+01 1.645114963659600679e-02 9.998586398660705976e-01 -3.472745427708626934e-03 2.373510064042269607e-02 -5.520313414523140422e-03 3.563989765567642746e-03 9.999784118253535192e-01 -7.582584357387980867e-02
9.998493106005055253e-01 -1.644372575227195585e-02 5.564168857787719739e-03 1.574766539608215865e+01 1.646288671003319146e-02 9.998586437593174336e-01 -3.415532308569751117e-03 2.146553461997960377e-02 -5.507218251215314532e-03 3.506619905598472829e-03 9.999786868548604657e-01 -7.618304950944504439e-02
9.996574051483785306e-01 -2.520426489607236961e-02 7.058141615132319628e-03 1.592353902082872530e+01 2.524270072027001363e-02 9.996667107024160837e-01 -5.410505869039769315e-03 4.042149435865882712e-02 -6.919421388926132004e-03 5.586818814016437061e-03 9.999604537496379342e-01 -8.226235086437168331e-02
9.991823552091048111e-01 -3.996357522347893099e-02 6.126474854574406707e-03 1.609921933778329262e+01 4.000380417503425490e-02 9.991777903647477421e-01 -6.590818867613276386e-03 5.712071286618525257e-02 -5.858044922318657831e-03 6.830512219264103790e-03 9.999595128866520799e-01 -7.921347794039784729e-02
9.987034004781381036e-01 -5.045147556930049126e-02 6.794592429570336239e-03 1.626982641716827516e+01 5.050243525712118375e-02 9.986954020295953915e-01 -7.549701851405440749e-03 6.768467242129501404e-02 -6.404834619565308654e-03 7.883056375867610738e-03 9.999484164274029530e-01 -7.985380668735786447e-02
9.973913688667391808e-01 -7.180179889567675500e-02 7.413432772807189951e-03 1.642367993711844321e+01 7.186494391697756390e-02 9.973769964043874836e-01 -8.634632544123596598e-03 9.576628516372290290e-02 -6.774005162517057581e-03 9.144873903294801348e-03 9.999352399707448491e-01 -8.509321560897534220e-02
9.960224417690091148e-01 -8.884747636935132198e-02 6.739542662411663991e-03 1.657911331578563718e+01 8.890801383965678262e-02 9.959965327707815952e-01 -9.288260529764781961e-03 1.242548356762571971e-01 -5.887322616292124493e-03 9.850515284945680558e-03 9.999341512224856343e-01 -8.428703217021885075e-02
9.960277027542436823e-01 -8.878780700582938890e-02 6.748383006285466230e-03 1.657671451030904208e+01 8.884875944217282551e-02 9.960013025590737090e-01 -9.343620615986696076e-03 1.254817274002297534e-01 -5.891798680439925932e-03 9.906090435897525748e-03 9.999335758342076108e-01 -8.430442522151040952e-02
9.943378589808468115e-01 -1.060641196845872880e-01 6.528760442781901194e-03 1.674914129718212052e+01 1.061246403719682818e-01 9.943050251324875299e-01 -9.750779569025435495e-03 1.639739118863500211e-01 -5.457371464917107340e-03 1.038843163412389581e-02 9.999311464220309587e-01 -9.326957347804018528e-02
9.922590290627953946e-01 -1.240523703373816733e-01 5.747056380061111441e-03 1.691700522337822221e+01 1.241086288878806287e-01 9.922102210545703516e-01 -1.076686910903290606e-02 2.001355186449509660e-01 -4.366632447185650120e-03 1.139678237564592869e-02 9.999255201626535694e-01 -8.814883836027673225e-02
9.922606318516938861e-01 -1.240410714797308134e-01 5.714110905245082563e-03 1.691097910973954299e+01 1.240973765184057165e-01 9.922105673627097389e-01 -1.086421442252533988e-02 1.987607863856870050e-01 -4.321992425511082293e-03 1.148923843994340520e-02 9.999246560524167604e-01 -8.882949968840406219e-02
9.867405079560574999e-01 -1.621856190164667477e-01 6.244593090598277683e-03 1.726080488976377936e+01 1.622462893907605508e-01 9.866901457322082569e-01 -1.089485630392596389e-02 2.899446026478506022e-01 -4.394489452853068100e-03 1.176355810114891078e-02 9.999211504730008970e-01 -8.796722460519511289e-02
9.846372401127456708e-01 -1.745323970247479040e-01 5.286565231896502015e-03 1.742576008037693924e+01 1.745819080652301902e-01 9.845799350448914966e-01 -1.111345505685434887e-02 3.240271869783112879e-01 -3.265388102331644605e-03 1.186566036059389859e-02 9.999242688047671468e-01 -9.188036777350741535e-02
9.846393262460322315e-01 -1.745196387045455932e-01 5.319108590223315877e-03 1.742573761197771987e+01 1.745693524498996563e-01 9.845827895123000495e-01 -1.105765713886398306e-02 3.189257378417582611e-01 -3.307324444687628675e-03 1.181635741727664508e-02 9.999247148172729638e-01 -9.253682660415897543e-02
9.829682382428005516e-01 -1.837109639982471010e-01 4.870760995944728618e-03 1.760881741473227891e+01 1.837535428371341872e-01 9.829153092173708028e-01 -1.058916431649738372e-02 3.861570110487608787e-01 -2.842199965933349046e-03 1.130383178196873485e-02 9.999320703359796392e-01 -9.341146520507022377e-02
9.829534489961679888e-01 -1.837795184846701957e-01 5.254111921210751456e-03 1.779838591663619596e+01 1.838232064711841918e-01 9.829123289722375700e-01 -9.611572037087515868e-03 4.191889128809583864e-01 -3.397921304301393906e-03 1.041355558464573255e-02 9.999400041956993945e-01 -8.970627489549602707e-02
9.833543093069072594e-01 -1.816886757579740108e-01 1.878155704182474977e-03 1.797640439607772933e+01 1.816982601416807508e-01 9.833131273747748313e-01 -9.001988331808099056e-03 4.479754793947737790e-01 -2.112558199814952836e-04 9.193401642139121741e-03 9.999577174747064090e-01 -7.777824939733771203e-02
9.835357492211824759e-01 -1.806754986950273867e-01 3.714051053831830818e-03 1.817564878903404946e+01 1.806907317919826672e-01 9.835306399089996932e-01 -4.282499815683823811e-03 4.826100454217899793e-01 -2.879140219769878162e-03 4.883086267587822583e-03 9.999839328809729810e-01 -9.113658121924288202e-02
9.856434642751626951e-01 -1.688190162377758430e-01 2.664786701734406411e-03 1.835845851483830415e+01 1.688264193265768820e-01 9.856416731956402222e-01 -2.851700802246757722e-03 5.191267674149887545e-01 -2.145103499367218350e-03 3.260646654925653063e-03 9.999923833281775254e-01 -8.480774574938987342e-02
9.876757654707115641e-01 -1.565123758913276875e-01 6.771223639573842497e-04 1.857057670757734869e+01 1.565134975793577021e-01 9.876734154710020697e-01 -2.179322674991508030e-03 5.388082754867983271e-01 -3.276847882048240703e-04 2.258442980702089244e-03 9.999973960256008931e-01 -8.202531493522011163e-02
9.876783080437245843e-01 -1.564964696939005195e-01 6.440444329904046819e-04 1.856792962860620122e+01 1.564975125579721182e-01 9.876759799409929874e-01 -2.164996712822880344e-03 5.362193796363958764e-01 -2.972928740236590022e-04 2.239111641980935652e-03 9.999974489947470735e-01 -8.131190735825899463e-02
9.889893822119261158e-01 -1.479316871940801192e-01 4.027132476787211382e-03 1.876776492971031729e+01 1.479359821596101243e-01 9.889966244054743116e-01 -7.887312905398330583e-04 5.548820941796023254e-01 -3.866142075023887639e-03 1.375804670002584232e-03 9.999915800180347869e-01 -9.198307909043147712e-02
9.918812561130693206e-01 -1.271595404176964206e-01 1.423043330356235561e-03 1.896145659146738183e+01 1.271533726109652929e-01 9.918757585853597014e-01 3.807803090281225867e-03 5.749871152071575064e-01 -1.895680673758172365e-03 -3.595943753393034039e-03 9.999917377575204824e-01 -8.921488806194137478e-02
9.936725518271278812e-01 -1.122967093374389325e-01 2.075769097614210430e-03 1.915279626134799784e+01 1.122862870238635347e-01 9.936652719239572606e-01 4.595336623432716254e-03 5.930120394515410176e-01 -2.578660845941483943e-03 -4.333179464421069681e-03 9.999872869511745588e-01 -9.109011991171117595e-02
9.953268903777612309e-01 -9.652219054594235459e-02 2.801432338794168468e-03 1.936503812635615063e+01 9.650668829836583917e-02 9.953186307971494395e-01 5.223246286527757215e-03 5.875896620928326985e-01 -3.292476973056086137e-03 -4.928480526537890385e-03 9.999824346832705269e-01 -9.129135844113203668e-02
9.963024634441346450e-01 -8.586075228949811844e-02 3.054922491692226277e-03 1.955469829346709787e+01 8.584393042238776250e-02 9.962946735055375758e-01 5.267177055164517542e-03 5.922951154662151607e-01 -3.495846790843638776e-03 -4.985454921634216267e-03 9.999814619753905065e-01 -9.413408801887772348e-02
9.968797579682957544e-01 -7.891082724443597429e-02 1.956909980237663341e-03 1.975038610230865288e+01 7.890125206295715843e-02 9.968719871459941206e-01 4.564391141712277437e-03 6.109162122181490684e-01 -2.310968621525038950e-03 -4.395746489007520096e-03 9.999876683423825074e-01 -9.013758116844859669e-02
9.967781549613888847e-01 -8.016847307164706726e-02 2.515097837057799369e-03 1.995024650922303167e+01 8.015763931398206532e-02 9.967735706784995875e-01 4.147487967890501302e-03 6.205041705249283446e-01 -2.839480829118683994e-03 -3.932521099096198715e-03 9.999882362440201122e-01 -9.151018346249974178e-02
9.970927472178934270e-01 -7.616724714937152252e-02 2.145671727149666905e-03 2.015083818038890939e+01 7.615964730096887181e-02 9.970897527821198647e-01 3.425349600127016066e-03 6.280551925017032744e-01 -2.400326741541120544e-03 -3.251977641008979916e-03 9.999918315031159910e-01 -9.268699614401158804e-02
9.970830770173779722e-01 -7.631779213249334504e-02 9.654685800554514046e-04 2.035643466265062429e+01 7.631455122650934730e-02 9.970791649164623127e-01 3.037788765958197943e-03 6.394219411767294581e-01 -1.194485937137593342e-03 -2.955248468680196378e-03 9.999949198420131635e-01 -9.875854993680723004e-02
9.969176718829272366e-01 -7.844455705558311953e-02 1.267657634182464297e-03 2.057590643086981430e+01 7.844118912277411870e-02 9.969155626269921022e-01 2.518102681177940370e-03 6.553894991805595538e-01 -1.461279073044893058e-03 -2.410904490256234652e-03 9.999960260936088252e-01 -9.969237321581195244e-02
9.971365893489790855e-01 -7.561100308521655211e-02 1.264276050920384170e-03 2.078996665555982659e+01 7.560841346211187586e-02 9.971356132920382587e-01 1.984066141332460967e-03 6.676023265255632833e-01 -1.410671906538495807e-03 -1.882795038822805255e-03 9.999972325399775208e-01 -1.035857612834434199e-01
9.971435150407135239e-01 -7.551934905988184898e-02 1.279972586414139567e-03 2.079076937090452049e+01 7.551677462780646832e-02 9.971426194782032626e-01 1.952733970698443183e-03 6.721845582873873237e-01 -1.423784416031550560e-03 -1.850496614143648131e-03 9.999972742463939523e-01 -1.016097663824197667e-01
9.969399857532947884e-01 -7.816308973672440874e-02 1.093713412740610850e-03 2.100745771160605102e+01 7.816122179528740832e-02 9.969393542239464168e-01 1.657530394479408281e-03 6.866404942593465899e-01 -1.219923640368735396e-03 -1.566972351224254784e-03 9.999980281900370249e-01 -1.040015227483717108e-01
9.970014805402738212e-01 -7.738246714377421120e-02 3.973971132550947456e-05 2.123570712673954830e+01 7.738240548936019259e-02 9.970011231044644262e-01 8.507932280284114445e-04 7.066089122673353540e-01 -1.054570158374342864e-04 -8.451669535221442231e-04 9.999996372857534732e-01 -1.057397783588775453e-01
