1.000000000000000000e+00 0.000000000000000000e+00 0.000000000000000000e+00 0.000000000000000000e+00 0.000000000000000000e+00 1.000000000000000000e+00 0.000000000000000000e+00 0.000000000000000000e+00 0.000000000000000000e+00 0.000000000000000000e+00 1.000000000000000000e+00 0.000000000000000000e+00
9.999994600642703180e-01 7.788479467059967369e-04 6.879440702944997254e-04 3.924995877138815481e-01 -7.786663113949126918e-04 9.999996619240660856e-01 -2.642546668400442373e-04 5.117334913648231148e-03 -6.881496519218415842e-04 2.637188452878456036e-04 9.999997284511766837e-01 -5.508345242721216818e-03
9.999988129006796012e-01 1.278295383095419359e-03 8.603244418582275087e-04 6.682802931801982149e-01 -1.278093607881932619e-03 9.999991556154496086e-01 -2.350427987737277479e-04 8.133277972246891890e-03 -8.606241695380627797e-04 2.339429445847374719e-04 9.999996022982896582e-01 -1.490080672591502856e-03
9.999982898120139962e-01 1.779517805833262089e-03 5.036759135844133929e-04 8.012480582519867500e-01 -1.779416212008502144e-03 9.999983964193098762e-01 -2.020810561942635219e-04 3.598994731913292278e-02 -5.040347127371636602e-04 2.011844615114387151e-04 9.999998527368995083e-01 -3.390817657523652676e-03
9.999978359849652776e-01 2.079864848058905931e-03 -4.677179024739657647e-05 9.426205350703166230e-01 -2.079859583312512750e-03 9.999978307806045574e-01 1.123307576169675377e-04 3.775254191936870674e-02 4.700532158324537233e-05 -1.122332357753444464e-04 9.999999925971002623e-01 1.376591962779225194e-03
9.999983872705510146e-01 1.691430051117448659e-03 6.037554796464015714e-04 1.159274715729915917e+00 -1.691303939855855372e-03 9.999985478354299628e-01 -2.093275286631418922e-04 2.037669972363267620e-02 -6.041086657665920403e-04 2.083060570530364023e-04 9.999997958306324763e-01 -6.272169030184231164e-03
9.999989791932233363e-01 1.356516943977044854e-03 4.488588776289442945e-04 1.482314323539947631e+00 -1.356465287051441052e-03 9.999990733454806602e-01 -1.153694280888881764e-04 1.810958938354335218e-02 -4.490149622758563496e-04 1.147604488327056267e-04 9.999998926077957595e-01 -7.975997593540864322e-03
9.999988066094053218e-01 1.500363397879362270e-03 3.683604750053514894e-04 1.626268039065303261e+00 -1.500251685209967297e-03 9.999988286083494327e-01 -3.033592094464690730e-04 1.376233053733072129e-02 -3.688151925652297515e-04 3.028062139970501970e-04 9.999998861418687435e-01 -9.002971142106202043e-03
9.999991520758902963e-01 1.238349828249301308e-03 4.029109122813284726e-04 1.960883257539957736e+00 -1.238202095828537692e-03 9.999991661908597118e-01 -3.667058157623569094e-04 1.300998428887264156e-02 -4.033646864144944401e-04 3.662066196876356209e-04 9.999998515948097522e-01 -1.359284125622139440e-02
9.999989707196976774e-01 1.343843318256131682e-03 5.026377236601652174e-04 2.258524331631436954e+00 -1.343768393018202794e-03 9.999990859868203019e-01 -1.493721187807098966e-04 2.064043280206168812e-02 -5.028379969664183938e-04 1.486965363487371798e-04 9.999998625216349746e-01 -1.001306493713751550e-02
9.999992287924377443e-01 1.077534337462341275e-03 6.175226970598588503e-04 2.413630921539360763e+00 -1.077450987926801759e-03 9.999994103977063453e-01 -1.352908282893618358e-04 1.088074251363889411e-02 -6.176681134800857164e-04 1.346253735120375760e-04 9.999998001810351811e-01 -9.921175426531456815e-03
9.999992508836255123e-01 1.114229623568469647e-03 5.066799125770319592e-04 2.539753392852605263e+00 -1.114174344816355267e-03 9.999993733267651397e-01 -1.093691285211143130e-04 1.070819784922520321e-02 -5.068014573771942527e-04 1.088045168312821548e-04 9.999998656569208944e-01 -9.839588052446722119e-03
9.999989590776237058e-01 1.347850307859784586e-03 5.149205926790547967e-04 2.690002416973262367e+00 -1.347704320704584983e-03 9.999990515874118691e-01 -2.837557764479550944e-04 1.398782116321937996e-02 -5.153025646325252312e-04 2.830615203726446387e-04 9.999998271697063679e-01 -1.247612755406183119e-02
9.999986972668634122e-01 1.484211391774963636e-03 6.344928058304625347e-04 2.977028635187370043e+00 -1.484047975151184251e-03 9.999988655315744657e-01 -2.579480015976051634e-04 1.238561253508374538e-02 -6.348749353808647846e-04 2.570060477964552690e-04 9.999997654408263603e-01 -1.329863836499724575e-02
9.999990168940837698e-01 1.237212023695123892e-03 6.599373260245533631e-04 3.272010439513241664e+00 -1.237096237409454321e-03 9.999992193380883299e-01 -1.758297847690010445e-04 7.699606189941781385e-03 -6.601543495604588483e-04 1.750132059267483771e-04 9.999997667832790649e-01 -1.206957360334243862e-02
9.999990229551048992e-01 1.256278077314236389e-03 6.130695131347192262e-04 3.413081921713026379e+00 -1.256245984139325823e-03 9.999992095324420349e-01 -5.273062169895374317e-05 7.302520093444948672e-03 -6.131352728472018671e-04 5.196040406489525548e-05 9.999998106826089028e-01 -7.704993691077183585e-03
9.999990170475290263e-01 1.276969388245086665e-03 5.790104983755515761e-04 3.526310329491833429e+00 -1.276888972619703638e-03 9.999991750840249161e-01 -1.392329747597750508e-04 8.363463053558804761e-03 -5.791878169871442737e-04 1.384935057799716734e-04 9.999998226804950319e-01 -9.909025627469928571e-03
9.999989126689543539e-01 1.370679760173397401e-03 5.439649841422334979e-04 3.820352710553791109e+00 -1.370671023670200737e-03 9.999990604950051987e-01 -1.643325606149798382e-05 6.407752956262045309e-03 -5.439869978158911028e-04 1.568764115145351016e-05 9.999998519160111510e-01 -7.972260580160879517e-03
9.999991674178165812e-01 1.136731980668716788e-03 6.107405978182701718e-04 3.951721486811768713e+00 -1.136868684107747310e-03 9.999993287813566667e-01 2.235317229685570488e-04 5.891810205155481941e-03 -6.104860922196023252e-04 -2.242258687197999146e-04 9.999997885147231536e-01 -5.308684154287333923e-03
9.999989517755755175e-01 1.394000697068672155e-03 3.914202432314088263e-04 4.231207262245123779e+00 -1.394000743804730755e-03 9.999990283804793822e-01 -1.534189422840665612e-07 5.877527783353722612e-03 -3.914200767859721828e-04 -3.922213287382283895e-07 9.999999233950819244e-01 -8.078839053335251999e-03
9.999990997232468537e-01 1.337207222985246999e-03 1.114878402159536684e-04 4.370292418450418381e+00 -1.337205154970599885e-03 9.999991057674026962e-01 -1.862171758264078930e-05 3.070183601087285614e-03 -1.115126416151486375e-04 1.847261870328803667e-05 9.999999936118465493e-01 -6.227019095523165203e-03
9.999988909896352363e-01 1.484065025967149778e-03 -1.247818024802740684e-04 4.644344949009010293e+00 -1.484029460937518396e-03 9.999988583208215820e-01 2.846289029291604626e-04 4.115940738668141634e-03 1.252040678197049192e-04 -2.844434074016873645e-04 9.999999517079435352e-01 -5.089018140173140296e-03
9.999989874146374413e-01 1.422690756339435852e-03 3.347703169985121786e-05 4.778316990657963892e+00 -1.422700717452822245e-03 9.999989431309180832e-01 2.994323220728867274e-04 2.657344262761617872e-03 -3.305099672224910538e-05 -2.994796466691178956e-04 9.999999546097854131e-01 -5.249913718918342541e-03
9.999988187868757983e-01 1.515496137309659810e-03 -2.563129160159123413e-04 4.931816078894707189e+00 -1.515439002548062608e-03 9.999988268665581659e-01 2.229577023450909131e-04 5.471594306793256361e-03 2.566505068633463563e-04 -2.225690123947394127e-04 9.999999422967743579e-01 -5.428125847796743189e-03
9.999990115436345750e-01 1.258890835998278338e-03 -6.261833731094599859e-04 5.240453444643721426e+00 -1.258907051393471158e-03 9.999992072510246466e-01 -2.550212223873193446e-05 5.758056026296948238e-05 6.261507723152477927e-04 2.629040369486972237e-05 9.999998036219932551e-01 -6.403079631179047285e-03
9.999990145984952727e-01 1.340391401198005178e-03 -4.173163429355056090e-04 5.372892680696532253e+00 -1.340284924206986295e-03 9.999990692230286138e-01 2.553221462686642738e-04 2.396435992332198762e-03 4.176581861164578081e-04 -2.547625718707755178e-04 9.999998803288285831e-01 -5.441332730352192032e-03
9.999990193951348028e-01 1.214321137886993250e-03 -6.975908132962381838e-04 5.668390772275690104e+00 -1.214098510227192571e-03 9.999992119506695420e-01 3.194727646910674188e-04 -1.910777268034942120e-03 6.979782060914084020e-04 -3.186255074473489041e-04 9.999997056520616434e-01 -2.834673992379188167e-03
9.999991034060916606e-01 1.064276985710056831e-03 -8.127124401926619918e-04 5.836832416095159459e+00 -1.064706986344780056e-03 9.999992933612875667e-01 -5.288439834169969024e-04 -9.338709492814354154e-04 8.121490294180078173e-04 5.297088098716654352e-04 9.999995299111549274e-01 -3.723364701952299946e-03
9.999984223892182111e-01 1.240808040818164315e-03 -1.271068243868330025e-03 6.141494263466872106e+00 -1.240174948242333316e-03 9.999991066087223768e-01 4.987462830402052041e-04 -1.431241732123370155e-03 1.271685956705372088e-03 -4.971691492191398620e-04 9.999990678183977577e-01 -6.212869539223841997e-04
9.999983418745433950e-01 9.358322907214346046e-04 -1.562199119045853046e-03 6.487366179711395731e+00 -9.350987669585240176e-04 9.999994522462697377e-01 4.702100131774320044e-04 -8.305192303501999010e-03 1.562638301059210205e-03 -4.687484230402757211e-04 9.999986692173424840e-01 -8.093855879671039630e-04
9.999981903060178867e-01 1.208731050715175330e-03 -1.469133736672455313e-03 6.606144533451431045e+00 -1.207916927764147910e-03 9.999991165038926155e-01 5.549127227114511928e-04 -6.620828876649199890e-03 1.469803178936896111e-03 -5.531371269795602079e-04 9.999987668582066558e-01 1.119058394264408045e-03
9.999971896045258823e-01 1.292636613252490024e-03 -1.987428900848675888e-03 6.971311369775464506e+00 -1.292909418680311196e-03 9.999991549460492957e-01 -1.359868464244772966e-04 -1.525442002869099607e-03 1.987251439787422833e-03 1.385560297925242889e-04 9.999980158150023613e-01 -3.208441514165338154e-03
9.999976605205322944e-01 1.368401718702984271e-03 -1.675240340545049124e-03 7.299123158113213883e+00 -1.368249824185050704e-03 9.999990597309535989e-01 9.181300187353272477e-05 -4.293187487214623205e-03 1.675364402437974588e-03 -8.952063977748149113e-05 9.999985925690966226e-01 4.342966083825275034e-03
9.999994050951879210e-01 1.048359338041417784e-03 -3.012506740143799846e-04 7.663548011074061250e+00 -1.048400589707155616e-03 9.999994410695380864e-01 -1.368094105873477828e-04 -1.080450738316100258e-02 3.011070802130804292e-04 1.371251605830574435e-04 9.999999452656067600e-01 5.153678303977823026e-04
9.999961253640853309e-01 1.338181531890315565e-03 -2.441009423238729280e-03 7.833117048614717248e+00 -1.337215716584709644e-03 9.999990270222369748e-01 3.972514401386198816e-04 -7.817563757416637685e-03 2.441538642731551616e-03 -3.939857447688365172e-04 9.999969418274682331e-01 5.841100135246520692e-03
9.999955559515472103e-01 2.770445491082722950e-03 -1.101230646589903281e-03 8.199132089087136421e+00 -2.770461666750709435e-03 9.999961621770728781e-01 -1.316352879567258291e-05 -1.579225365629387604e-02 1.101189951422681121e-03 1.621438758894122852e-05 9.999993935587083715e-01 4.237051583175985292e-04
9.999938878278561427e-01 2.658298691316324843e-03 -2.271069130795351238e-03 8.557870977609431051e+00 -2.658072033088224474e-03 9.999964620348181787e-01 1.028149476202421583e-04 -1.816163556536260285e-02 2.271334408672547479e-03 -9.677765385580623485e-05 9.999974158337059382e-01 1.087952558917641005e-03
9.999943943750008168e-01 2.137625068590690187e-03 -2.577164651611104328e-03 8.935692578420523446e+00 -2.137405716257876134e-03 9.999977118856508973e-01 8.786504851244429214e-05 -2.113591587515087009e-02 2.577346577294038418e-03 -8.235610951584046999e-05 9.999966752455188290e-01 5.323515288024000501e-03
9.999918373747446187e-01 3.478502562709658019e-03 -2.055530054128524436e-03 9.129011355199395439e+00 -3.478423579489260849e-03 9.999939493844582916e-01 4.199851357774651292e-05 -2.111635908038436010e-02 2.055663708843542999e-03 -3.484816655098939921e-05 9.999978865139272921e-01 5.056080477416393867e-03
9.999983609244673666e-01 1.809983472813662389e-03 4.591521257089091951e-05 9.296771047926275955e+00 -1.809962321280490305e-03 9.999982577757458024e-01 -4.565981479300901692e-04 -6.767024814126088549e-03 -4.674156767776472529e-05 4.565142947265107614e-04 9.999998947049567599e-01 -1.675939322698820344e-03
9.999921343647578675e-01 3.694164261758124505e-03 -1.443730938637153302e-03 9.494843969843337561e+00 -3.694121549625309538e-03 9.999931761896715399e-01 3.225010143782762467e-05 -2.299169742330568061e-02 1.443840224063232648e-03 -2.691653019801290559e-05 9.999989572999102849e-01 9.136263540126185467e-04
9.999895688447975051e-01 4.422883379495890291e-03 1.140308821012944295e-03 9.857395311532096471e+00 -4.423418245948359043e-03 9.999901076110199183e-01 4.669594439780107406e-04 -2.285808175742364695e-02 -1.138232233470860572e-03 -4.719986358964619005e-04 9.999992408220470530e-01 -8.253786173574695351e-03
9.999923158366459397e-01 3.886934398319987979e-03 -5.099104282900291220e-04 1.019229054068800622e+01 -3.886962325701973954e-03 9.999924442867330621e-01 -5.378962422309803925e-05 -2.319413930655280648e-02 5.096974988123757723e-04 5.577121351908466114e-05 9.999998685490071315e-01 2.251670378588047083e-03
9.999985230905800160e-01 1.498415547113078920e-03 8.417645198380226167e-04 1.053611285289662902e+01 -1.498418513134156969e-03 9.999988773661651065e-01 2.892928598608113806e-06 -1.777909578532850879e-02 -8.417592400355027342e-04 -4.154239866239392215e-06 9.999996457119992854e-01 -8.263121962167028350e-03
9.999986790595523090e-01 1.270627745707777079e-03 -1.013599665687626994e-03 1.070860147709700527e+01 -1.270645672624707602e-03 9.999991925842358631e-01 -1.704262059652302067e-05 -1.686623411267203568e-02 1.013577192464689032e-03 1.833052411321597116e-05 9.999994861625013387e-01 1.004741888335023564e-03
9.999964509148575598e-01 1.942590246005524877e-03 1.823321371830280034e-03 1.088008609112317693e+01 -1.943260473018800600e-03 9.999980449311030029e-01 3.658861923517102432e-04 -1.534838637329684688e-02 -1.822607040162966012e-03 -3.694280821419493712e-04 9.999982708117396424e-01 -7.066152253708241071e-03
9.999982410606671479e-01 1.820702113821768848e-03 -4.504657417786947743e-04 1.120923166012609151e+01 -1.820608343155566931e-03 9.999983209579361709e-01 2.084863768341961403e-04 -1.839260691412241550e-02 4.508445770147710284e-04 -2.076658884315195396e-04 9.999998768070155197e-01 1.323297803957346197e-03
9.999980568307613726e-01 1.635641399914634139e-03 1.100459863963350977e-03 1.152477271398923442e+01 -1.636035481717327145e-03 9.999985978607399684e-01 3.573016324992096641e-04 -1.794513924317180098e-02 -1.099873903622999036e-03 -3.591013295853183636e-04 9.999993306615916344e-01 -1.178712116649544006e-02
9.999981853190496039e-01 1.776281924632286749e-03 6.886081120618726438e-04 1.169350707626144903e+01 -1.776576720850161877e-03 9.999983304099477888e-01 4.277294377093848071e-04 -1.774412096671857189e-02 -6.878471942997825377e-04 -4.289520266585999920e-04 9.999996714331440550e-01 -6.842888616781747299e-03
9.999981202781529355e-01 1.847799542706456176e-03 5.874325584542991171e-04 1.201416582779631348e+01 -1.847832763855599856e-03 9.999982911867146829e-01 5.601542076877621067e-05 -2.402669961280392077e-02 -5.873280493728579325e-04 -5.710079260343339889e-05 9.999998258926158234e-01 -1.210321131199288899e-02
9.999982157396998250e-01 1.855714976818410075e-03 3.533261123159662587e-04 1.218085503848909923e+01 -1.855738259243810886e-03 9.999982759659959974e-01 6.557856951757126056e-05 -2.366382474542785830e-02 -3.532038080361220213e-04 -6.623413329294772743e-05 9.999999354300527221e-01 -1.009254497275939404e-02
9.999978378216203279e-01 2.056119504748855475e-03 -3.110058945829283455e-04 1.250841435980843208e+01 -2.055869629093906841e-03 9.999975653832525735e-01 8.016405900125287993e-04 -2.869244922099202511e-02 3.126534062556919863e-04 -8.009994691494345172e-04 9.999996303237806972e-01 -7.338099005664554600e-03
9.999976481683973129e-01 1.983105416523760559e-03 -8.780379156109809373e-04 1.284803325095282744e+01 -1.982623220233324830e-03 9.999978835125273857e-01 5.497050412392298548e-04 -2.721012277684620520e-02 8.791261802995039903e-04 -5.479629300658061999e-04 9.999994634367492807e-01 1.853954948680798520e-03
9.999981182803764357e-01 1.928081622301452231e-03 2.143291022533727619e-04 1.302211926279873566e+01 -1.928110038515165039e-03 9.999981324219737733e-01 1.324546866899100424e-04 -2.299657554570943424e-02 -2.140733185298564982e-04 -1.328676875409275386e-04 9.999999682593954109e-01 -4.382393411346118678e-03
9.999953222460755686e-01 1.993226256543427412e-03 -2.320029107086222630e-03 1.336680970884828668e+01 -1.990661163218609541e-03 9.999974054473855789e-01 1.107414389605854664e-03 -2.624967530072448707e-02 2.322230415086873941e-03 -1.102790817552834219e-03 9.999966955436963012e-01 5.101169181745059122e-03
9.999981347540887189e-01 1.910929710147284306e-03 2.807774676678902116e-04 1.354171110258679533e+01 -1.911043967327253311e-03 9.999980910362434861e-01 4.072282207330804528e-04 -2.843541976319239467e-02 -2.799987471680715520e-04 -4.077640392380549382e-04 9.999998776645874221e-01 -4.072104030347918624e-03
9.999967587679369219e-01 1.754114852567284326e-03 -1.845409088662581512e-03 1.389552941544279641e+01 -1.752607045198947659e-03 9.999981293270345795e-01 8.183587089337619963e-04 -3.045268965064301669e-02 1.846841131671757589e-03 -8.151217794732113766e-04 9.999979623750835378e-01 4.511398502261933230e-03
9.999981627543905738e-01 1.911405317730046401e-03 -1.449743241150751360e-04 1.406535839347360728e+01 -1.911377871081881667e-03 9.999981554128283268e-01 1.892236104880488132e-04 -2.527931232102591241e-02 1.453357397126235824e-04 -1.889461621228126281e-04 9.999999715884348994e-01 -5.590770488244807546e-03
9.999968773789739140e-01 3.126888832292136554e-04 -2.479406776562768054e-03 1.443528685762966646e+01 -3.113548311332822748e-04 9.999998065806566805e-01 5.384206704661169364e-04 -2.032037101692255737e-02 2.479574655155692732e-03 -5.376470139041830730e-04 9.999967813174289732e-01 5.487870560894989036e-03
9.999900035654005759e-01 -4.456927164908496865e-03 -3.585659170095660802e-04 1.460638892373217068e+01 4.456795907913857317e-03 9.999900014457913100e-01 -3.660309844497380274e-04 -1.601367645430329389e-02 3.601937053065996626e-04 3.644292703332950188e-04 9.999998687258921937e-01 -3.169870253757901823e-03
9.998801520447592184e-01 -1.528034702641856146e-02 -2.488481806523784243e-03 1.480573055629107415e+01 1.527790680402265483e-02 9.998827892243807858e-01 -9.966827780410450390e-04 -1.023781161896675229e-02 2.503419788364849748e-03 9.585445345244969061e-04 9.999964070344146139e-01 5.455224513212085513e-03
9.997879547794449318e-01 -2.058692356473152546e-02 -4.733456184051354379e-04 1.516386054586829246e+01 2.058656883773473528e-02 9.997877984637196791e-01 -7.424463332449893422e-04 1.056510956257636358e-02 4.885298596511481427e-04 7.325443388911686117e-04 9.999996123586087915e-01 1.911195819594320444e-03
9.997799629014701983e-01 -2.091324701646757669e-02 -1.631526880916071322e-03 1.553893962157112796e+01 2.091267830343026754e-02 9.997812394522876955e-01 -3.648635697550277638e-04 2.290830762425871692e-02 1.638800449163591889e-03 3.306636894297828233e-04 9.999986024963296583e-01 7.732164268629423964e-03
9.997177112275922317e-01 -2.374129961404860406e-02 9.211680088209874386e-04 1.572259722668037618e+01 2.374211097879049687e-02 9.997177289617178442e-01 -8.800942540173263724e-04 3.153962438082010683e-02 -9.000134083974772577e-04 9.017162863862960773e-04 9.999991884414725085e-01 -5.050624423597972756e-03
9.995819360913162921e-01 -2.890910539299001991e-02 -4.654732136332260118e-04 1.609655146877310372e+01 2.890845103358895274e-02 9.995811436541783834e-01 -1.355990355185043763e-03 3.436335590312788318e-02 5.044787153138081221e-04 1.341967354953254189e-03 9.999989723118939411e-01 -5.561257509283872025e-03
9.994236174100324943e-01 -3.389224467382122991e-02 1.936159604669036643e-03 1.626463667271953284e+01 3.389576486204955857e-02 9.994237250455945132e-01 -1.815197070446502962e-03 5.225744020124335060e-02 -1.873522741138357794e-03 1.879778433152998196e-03 9.999964781665886537e-01 -1.155822152339752024e-02
9.983603999651282646e-01 -5.723871087346600606e-02 4.916899560184210182e-04 1.661754727391452136e+01 5.724008541956157603e-02 9.983543056887662637e-01 -3.500419098147634824e-03 6.981213597326885179e-02 -2.905213079600797656e-04 3.522824185954680828e-03 9.999937526340474392e-01 -1.977698300915896323e-03
9.972096553318938739e-01 -7.459515501435387552e-02 2.909666858912630244e-03 1.678263810256743582e+01 7.460743424949506375e-02 9.972034134770959568e-01 -4.368398371850580608e-03 1.020346458718934812e-01 -2.575668370076209836e-03 4.573291813609782139e-03 9.999862253723472705e-01 -6.735327864502066442e-03
9.959087253207621337e-01 -9.033824180335148224e-02 2.193831774294412694e-03 1.693809365634450259e+01 9.034679255217065164e-02 9.959016174646063702e-01 -4.174375032972143379e-03 1.247459078261108356e-01 -1.807734911358542312e-03 4.355502182304639078e-03 9.999888807857966189e-01 -3.797400600020220396e-03
9.930314726114166657e-01 -1.178397633146622131e-01 1.511484417898924237e-03 1.726961125761715010e+01 1.178455382173133198e-01 9.930213668420506679e-01 -4.581933807589034548e-03 1.899629789294015325e-01 -9.610023272127103493e-04 4.728126171092555084e-03 9.999883605809806175e-01 2.632798709962165876e-03
9.916256045785023510e-01 -1.291312881906243049e-01 1.941843080584648501e-03 1.742502719351467633e+01 1.291392428782688895e-01 9.916150148620631599e-01 -4.766366429232015561e-03 2.296988809750127036e-01 -1.310073718218464226e-03 4.977219137244982480e-03 9.999867554105467127e-01 -4.402420813107769254e-03
9.874434893289052440e-01 -1.579574071044278216e-01 2.193837460299988794e-03 1.773037713869200616e+01 1.579665856596957629e-01 9.874320131105652765e-01 -4.957549741002092482e-03 2.968030429958341543e-01 -1.383183637181469115e-03 5.241853227872644676e-03 9.999853047809068585e-01 -5.370634717037901275e-03
9.853583782133482627e-01 -1.704816770462001807e-01 2.205510434166307876e-03 1.787829942522392201e+01 1.704902164118297925e-01 9.853488597497602752e-01 -4.550900756416713204e-03 3.461794443534623178e-01 -1.397351998447228126e-03 4.860286139972234444e-03 9.999872124312541022e-01 -8.884290633859317013e-03
9.836148474900151539e-01 -1.802711218755704281e-01 2.038238189604786674e-03 1.804621781739742303e+01 1.802780345267877560e-01 9.836076819675743099e-01 -3.969665166411261333e-03 3.765638140528240752e-01 -1.289210747955618283e-03 4.272071171965427690e-03 9.999900436222097788e-01 -1.001211086465322864e-02
9.810036495443840154e-01 -1.939784269793876081e-01 2.051693739767859216e-03 1.834410697492898024e+01 1.939850892634768509e-01 9.809970990037758520e-01 -3.804850800873252076e-03 4.557415551218156335e-01 -1.274646633511821283e-03 4.130570514878717861e-03 9.999906567879428554e-01 -1.028674278375274476e-02
9.805314057895597735e-01 -1.963496475422670529e-01 2.231181385973816326e-03 1.849131625190992168e+01 1.963570351825341398e-01 9.805250931914499812e-01 -3.802151525562032838e-03 4.866928566082854291e-01 -1.441178224462606695e-03 4.166237142288535707e-03 9.999902826894867536e-01 -1.300487095502670699e-02
9.801825366587638699e-01 -1.980872155449563132e-01 1.910462466807380435e-03 1.877816317386443856e+01 1.980919565664955584e-01 9.801796271063976107e-01 -2.734108487408134537e-03 5.580025495018100523e-01 -1.331004451047517259e-03 3.058372640684688636e-03 9.999944373764996230e-01 -1.238258901541559528e-02
9.801056963948372447e-01 -1.984666734740060945e-01 1.950234486780086634e-03 1.893109124948738398e+01 1.984710239393547293e-01 9.801038897737814892e-01 -2.370212388645596621e-03 5.902001657266050527e-01 -1.441024238262767539e-03 2.710123699290249016e-03 9.999952893282444411e-01 -1.189206190750843363e-02
9.801749500173726481e-01 -1.981253562234461529e-01 1.846775507096353342e-03 1.906786132115252030e+01 1.981288670048773903e-01 9.801740126839938450e-01 -1.963903847286990051e-03 6.229413108042094471e-01 -1.421062209984818876e-03 2.290868894186809390e-03 9.999963662443503987e-01 -8.733827701088230436e-03
9.800848658030965055e-01 -1.985701718082446554e-01 1.882203966227914129e-03 1.921362619182443154e+01 1.985734254509687879e-01 9.800844780265637324e-01 -1.735118458980157603e-03 6.452654585658336162e-01 -1.500176121272666372e-03 2.074319030993319705e-03 9.999967233307130998e-01 -5.442323433493609711e-03
9.798022166653324039e-01 -1.999633357103316189e-01 1.510162010568708458e-03 1.949840312891644345e+01 1.999655123907581877e-01 9.798018466116290570e-01 -1.461242876186236161e-03 6.936708477384976312e-01 -1.187464526832792289e-03 1.733709329410129327e-03 9.999977920875419146e-01 -8.800664593881606795e-03
9.790361345747153887e-01 -2.036824995868921351e-01 1.298675877725507513e-03 1.964195120347623202e+01 2.036843573008887132e-01 9.790354477310343473e-01 -1.508203241286215678e-03 7.323719330723548193e-01 -9.642551133362573879e-04 1.741105432998600903e-03 9.999980193800123152e-01 -7.137987829985481536e-03
9.769364420102133462e-01 -2.135282154794391485e-01 9.431153647465704160e-04 1.991807653796287880e+01 2.135294662441764857e-01 9.769354361792054187e-01 -1.523345930109271888e-03 8.015376334695670790e-01 -5.960854822119020235e-04 1.689595073352708355e-03 9.999983949740050004e-01 -4.170297270820008673e-03
9.765364845509980629e-01 -2.153490843681533651e-01 1.125256671335135962e-03 2.006183462319398814e+01 2.153504565663100223e-01 9.765359822060581951e-01 -1.286978450072039787e-03 8.441200045142726038e-01 -8.217039979516176269e-04 1.499105949252549537e-03 9.999985387408787396e-01 -6.140240049275266961e-03
9.763792402461561881e-01 -2.160622349243559448e-01 8.305756024013921787e-04 2.018594379303738151e+01 2.160631911587229115e-01 9.763784909776029863e-01 -1.319008191068106418e-03 8.748329133965350168e-01 -5.259682956697777538e-04 1.467309030626957759e-03 9.999987851800423710e-01 -6.019305555012433549e-03
9.762406742183321606e-01 -2.166878623321357999e-01 7.185538710347505421e-04 2.047336188397265744e+01 2.166886039007695774e-01 9.762400369117975041e-01 -1.199695789619486955e-03 9.354740339440366093e-01 -4.415215414805695330e-04 1.326894261657036002e-03 9.999990222046953869e-01 -7.855110185318231464e-03
9.762265694894924906e-01 -2.167504647822815766e-01 9.597079982833583945e-04 2.062108759516229739e+01 2.167516139038860590e-01 9.762258906780532097e-01 -1.322210233849320212e-03 9.610421840806270266e-01 -6.503021126882936554e-04 1.498795018239007558e-03 9.999986653594371555e-01 -7.610945728435727572e-03
9.750843483692011038e-01 -2.218325244583911060e-01 9.190526795534289996e-04 2.088797722647836963e+01 2.218335723132256743e-01 9.750837267004484055e-01 -1.261791867990669311e-03 1.008045858537334194e+00 -6.162468363955513236e-04 1.434230240426618164e-03 9.999987816109847660e-01 -4.004658179713471017e-03
9.735586334244402673e-01 -2.284364862341938529e-01 5.992008939448545922e-04 2.103587303801009156e+01 2.284371196346884070e-01 9.735576649856834131e-01 -1.398327798104884038e-03 1.052091381072014276e+00 -2.639275343636098481e-04 1.498233826497690673e-03 9.999988428181593170e-01 -2.843213633438277342e-03
9.726498214433417777e-01 -2.322758602529200189e-01 4.995898330376587551e-04 2.116901254263870769e+01 2.322763373061929038e-01 9.726488682314370360e-01 -1.371953251547874736e-03 1.083205429174746159e+00 -1.672538639539380327e-04 1.450472981720052216e-03 9.999989340765690349e-01 -1.969691909481745967e-03
9.723196666099065411e-01 -2.336543296188139385e-01 3.466611930262087932e-04 2.130280899845285703e+01 2.336545831421193431e-01 9.723188431563181133e-01 -1.266104198631034898e-03 1.127975919707299823e+00 -4.123448241173229760e-05 1.312056988854419168e-03 9.999991384027165919e-01 -4.736132176975824289e-03
9.715200376564397944e-01 -2.369573400679223230e-01 -1.882019257541937449e-04 2.159063086506538198e+01 2.369569503477269301e-01 9.715193995157808127e-01 -1.208323798269383834e-03 1.205381514282614974e+00 4.691630150751098689e-04 1.129315027619561028e-03 9.999992522665372974e-01 -8.392484903648212216e-03
9.705837244495154614e-01 -2.407637343618554970e-01 -2.409353460289179855e-04 2.174029674713068871e+01 2.407632124712449917e-01 9.705829603797420102e-01 -1.338858103847381494e-03 1.234360818153364958e+00 5.561962182717931219e-04 1.241465517033814173e-03 9.999990747041402894e-01 -5.075439648017390781e-03
9.668793324736356665e-01 -2.552337634730513782e-01 -2.870866055497453117e-04 2.203240479378499828e+01 2.552329249659440746e-01 9.668780813300537069e-01 -1.711682459719621923e-03 1.330325768287243582e+00 7.144569024145443811e-04 1.581716440007533168e-03 9.999984938610847474e-01 -3.559619455135820069e-03
9.629788139040983408e-01 -2.695768968670810839e-01 -3.172496981758478893e-04 2.232379612956226822e+01 2.695759215275997933e-01 9.629774515221466435e-01 -1.802884482459608546e-03 1.426865432707700831e+00 7.915203100368229132e-04 1.650616680784951131e-03 9.999983244786823100e-01 -1.252202429118870865e-03
9.603025602258844495e-01 -2.789605545574585510e-01 -4.271541568983745112e-05 2.246455758877063857e+01 2.789598576636670990e-01 9.603004817727333053e-01 -2.093446756660705989e-03 1.468272086475315596e+00 6.250087024406568870e-04 1.998426393836968441e-03 9.999978078256323011e-01 -3.770900824794248297e-03
9.570246882502810859e-01 -2.900063365505032298e-01 2.661578639738570225e-04 2.261139854844047292e+01 2.900061936565705434e-01 9.570221698384746567e-01 -2.230264218743776162e-03 1.528069906830501479e+00 3.920717791177182792e-04 2.211605347701841012e-03 9.999974775375716218e-01 -6.535730441287799716e-03
9.481239357122457356e-01 -3.178986067731862653e-01 1.215870547594867859e-03 2.290792078515963581e+01 3.179008571700276953e-01 9.481194012227653900e-01 -2.940414179409058925e-03 1.658106947849636192e+00 -2.180368845797804210e-04 3.174403353693609677e-03 9.999949377988195387e-01 -4.790207082946237871e-03
9.430623143975904732e-01 -3.326123363286174195e-01 1.582682873803551403e-03 2.305195606537461828e+01 3.326155694228748461e-01 9.430586421399576036e-01 -2.698233243471571431e-03 1.710818865000458544e+00 -5.950970988367206525e-04 3.071027052658817022e-03 9.999951073141731817e-01 -6.736574138381997215e-03
9.322132564185645620e-01 -3.619039115292537745e-01 2.000844152259701261e-03 2.329762570069221539e+01 3.619088297573919699e-01 9.322076047175008595e-01 -3.313706458751675132e-03 1.851797554271837676e+00 -6.659588055090515189e-04 3.813204254399358076e-03 9.999925079580264109e-01 -8.089293018516850384e-03
9.257838533174851392e-01 -3.780463264250755184e-01 2.287359423977083570e-03 2.346206628756256407e+01 3.780524400959689446e-01 9.257774283758631872e-01 -3.536332458534908497e-03 1.912165183289860515e+00 -7.806882303339229183e-04 4.138621301685189297e-03 9.999911311304756634e-01 -4.890112246326495937e-03
9.196159774356578165e-01 -3.928107122537652929e-01 2.489655347493809675e-03 2.357794319429508789e+01 3.928176102597037422e-01 9.196094269947346911e-01 -3.581459516893862726e-03 1.995968258550103291e+00 -8.826748637840554175e-04 4.271547858247399035e-03 9.999904873367443381e-01 -6.052741038685213390e-03
9.068886955581223486e-01 -4.213639633314123500e-01 2.303101068442595881e-03 2.385854905655295966e+01 4.213698454127828841e-01 9.068819060072701443e-01 -3.558361059297059786e-03 2.153168803804677456e+00 -5.892755677670296786e-04 4.197494760570400461e-03 9.999910168556717105e-01 -6.752354975905591056e-03
9.025010042301515600e-01 -4.306821316463073646e-01 2.199737293563888696e-03 2.398993292891902129e+01 4.306873293653128987e-01 9.024954847328908736e-01 -3.213154356523221719e-03 2.228922919838678851e+00 -6.014048074639197737e-04 3.847274013779006067e-03 9.999924183687196599e-01 -6.271090028273798231e-03
8.989770201114140047e-01 -4.379938250597363858e-01 1.313971515462913388e-03 2.427684983988043044e+01 4.379957710634090340e-01 8.989719113622794966e-01 -3.034322365809971177e-03 2.389618381267378133e+00 1.477909747341318077e-04 3.303300045543798667e-03 9.999945331683752769e-01 -5.945036888268142097e-03
8.982737179714673781e-01 -4.394359504663107319e-01 6.107695856975131057e-04 2.441819543674751358e+01 4.394359769950997863e-01 8.982701664536467678e-01 -2.594259374038950655e-03 2.453453681683639864e+00 5.913747363776124038e-04 2.598749142910178507e-03 9.999964483830997564e-01 -3.764294224408301463e-03
8.978778653705180579e-01 -4.402443593299149582e-01 4.929055432890701695e-04 2.457419400307452761e+01 4.402440972179950118e-01 8.978744548278551063e-01 -2.568702453483421352e-03 2.529610135074648714e+00 6.882894699806876371e-04 2.523379831624748739e-03 9.999965794000651442e-01 -3.457301611556726564e-03
8.943609573577310234e-01 -4.473459402031950138e-01 2.962058106350580629e-04 2.486759242745311127e+01 4.473453855411064217e-01 8.943583252096286573e-01 -2.300470236046156351e-03 2.683863969495849489e+00 7.641918879366027192e-04 2.189957065241262234e-03 9.999973100457875130e-01 5.699736462778713306e-03
8.904332798583682873e-01 -4.551098410989028453e-01 -1.899119690827758174e-03 2.503064689567656487e+01 4.551026323393772000e-01 8.904329082430461062e-01 -3.290889788609870081e-03 2.765718425315137452e+00 3.188754998173635134e-03 2.066023417701042322e-03 9.999927816683473747e-01 1.300285993751140734e-02
8.793614385755219587e-01 -4.761532499092611670e-01 1.242154272697157478e-03 2.531433223636460994e+01 4.761540795963682959e-01 8.793522327605099997e-01 -4.116214625271253161e-03 2.951470163968129778e+00 8.676578380176857121e-04 4.211097238796942741e-03 9.999907568722430362e-01 1.198231706282748554e-03
8.709403465259477617e-01 -4.913885204743729251e-01 4.844989875143318990e-04 2.546103120222958793e+01 4.913751405334187417e-01 8.709084444811413528e-01 -8.303770059534093181e-03 3.038339004766323903e+00 3.658423024345058578e-03 7.470159131200566557e-03 9.999654057333831059e-01 7.370628736926523872e-03
8.549889800126337924e-01 -5.186443790834903700e-01 1.360919562917347649e-03 2.574866289806475095e+01 5.186377554380768862e-01 8.549572318810811922e-01 -7.937902014549844121e-03 3.248640644739672290e+00 2.953420239237164804e-03 7.492643014303424984e-03 9.999675682788670139e-01 4.672028037034703374e-03
8.380612490829408845e-01 -5.455630502752859545e-01 3.781660993096383830e-03 2.603234362745495645e+01 5.455740030071196678e-01 8.380183315883839024e-01 -8.618768160755241325e-03 3.467170457323024646e+00 1.532980211329642998e-03 9.286231536378291435e-03 9.999557069568253409e-01 -1.795169824120132485e-03
8.287290612264661682e-01 -5.596400190398860275e-01 3.345469733260748348e-03 2.617370830799690395e+01 5.596460007087160626e-01 8.286856541184848268e-01 -8.743028591894019819e-03 3.577086851432834003e+00 2.120605913393060205e-03 9.117880633947916813e-03 9.999561826816738552e-01 1.972877633245120887e-04
8.218675910515047534e-01 -5.696634230233966756e-01 4.152980672161379200e-03 2.642859814341331059e+01 5.696785509426717242e-01 8.218443725747708317e-01 -6.178661913328002860e-03 3.788212838806431559e+00 1.066539004231001862e-04 7.443905994038384384e-03 9.999722880602729402e-01 -6.620152983466326413e-03
8.147691048013604442e-01 -5.797831842937732905e-01 1.662850372742684379e-03 2.657363191191877405e+01 5.797784166892694380e-01 8.147414571867259703e-01 -7.303799184954073466e-03 3.873129606577990103e+00 2.879826813123073474e-03 6.914994679873851489e-03 9.999719443294915466e-01 1.151782768967478388e-02
7.983850917145397519e-01 -6.021315374197089287e-01 4.342461576535434561e-03 2.682582872923714135e+01 6.021471239783333651e-01 7.983607146514130060e-01 -6.245829481077433583e-03 4.117298350124030115e+00 2.939601803133655954e-04 7.601377892380614155e-03 9.999710659021837644e-01 -5.177119287519710289e-03
7.766857389080549234e-01 -6.298592966561766815e-01 6.043955049071137939e-03 2.708314743582311834e+01 6.298881605012582874e-01 7.766560671273110561e-01 -6.801371529246190775e-03 4.333700534477557653e+00 -4.101672705974939749e-04 9.089543999792495596e-03 9.999586051195749059e-01 -4.059956569452176367e-03
7.655509909673658964e-01 -6.433500542809775791e-01 5.691035542618256421e-03 2.719023503850953460e+01 6.433751807516328025e-01 7.655177044799088559e-01 -7.142893014369993895e-03 4.459002528427961742e+00 2.387921438194487954e-04 9.129719846420811594e-03 9.999582947272540601e-01 -3.034791773920832159e-03
7.431133755244397898e-01 -6.691337482308593598e-01 6.522123518756141672e-03 2.742569440097315692e+01 6.691654530353804420e-01 7.430732111989553079e-01 -7.732998281847006279e-03 4.709710092533644143e+00 3.279948584767261935e-04 1.011087419532918398e-02 9.999488300120056294e-01 -8.221796094883132566e-04
7.276593563708287915e-01 -6.859046698175147450e-01 6.829715112465193499e-03 2.755233394349141207e+01 6.859384520982686473e-01 7.276150898774157438e-01 -8.044931056980224315e-03 4.839060045648948538e+00 5.486520049491827242e-04 1.053873356748644824e-02 9.999443154875030659e-01 2.517488951335813963e-03
7.057568898139219282e-01 -7.084199097949458457e-01 6.960164243786927732e-03 2.776453405109954886e+01 7.084537364842474760e-01 7.057125077975971994e-01 -7.947301399517214815e-03 5.112576695228471912e+00 7.181515773931929254e-04 1.053981708319200530e-02 9.999441967000782805e-01 7.332148521414765668e-04
6.779841147055999384e-01 -7.350383912538085429e-01 7.490232965471721113e-03 2.798537471509930796e+01 7.350765258759937026e-01 6.779460725536309296e-01 -7.184971481266413072e-03 5.402864801552494711e+00 2.032558573412672660e-04 1.037719095517218582e-02 9.999461348467407751e-01 -2.722546473996384844e-03
6.646050646699752651e-01 -7.471627118502000009e-01 6.927484079597733165e-03 2.810761686361549394e+01 7.471946084415472811e-01 6.645692315064170019e-01 -6.924857460849652251e-03 5.544319766262114868e+00 5.702025085733124915e-04 9.778474094938423983e-03 9.999520270060328064e-01 -5.910882228227772733e-03
6.533456652074123294e-01 -7.570159057139042025e-01 8.146180138025481063e-03 2.818820446015873316e+01 7.570592450781034044e-01 6.533196548503092949e-01 -5.893049129690669692e-03 5.697251380948387123e+00 -8.609276717939338963e-04 1.001733908930152461e-02 9.999494545831373316e-01 -5.884393053822149777e-03
6.287540778959873622e-01 -7.775664350762053756e-01 7.664761708502275048e-03 2.839469539999124592e+01 7.776041692512599690e-01 6.287267427186926660e-01 -5.868471129749862868e-03 5.965318530975014966e+00 -2.559144869943665891e-04 9.649975814693876469e-03 9.999534051517356970e-01 -6.983710468812381889e-03
5.966902139107838066e-01 -8.024285143592132519e-01 8.322737913026871312e-03 2.856534120151362544e+01 8.024716133068122703e-01 5.966621312178018721e-01 -5.797500098538525132e-03 6.245820425320443903e+00 -3.137831496861521324e-04 1.013807249414118775e-02 9.999485591900407755e-01 -6.674579412070814899e-03
5.837000832915446580e-01 -8.119326965599104051e-01 7.714209123198368691e-03 2.864442225340127024e+01 8.119693301134992547e-01 5.836753742102955833e-01 -5.372568799640301332e-03 6.404960824400626862e+00 -1.404296237736942302e-04 9.399670069958421595e-03 9.999558122647703717e-01 -6.765206409955041439e-03
5.537175531152185304e-01 -8.326730237731370110e-01 7.246161231709847585e-03 2.881906193157290730e+01 8.327042471577748017e-01 5.536889356343999147e-01 -5.674444593875505038e-03 6.706241406268510730e+00 7.128376383947693587e-04 9.175948809043427482e-03 9.999576460160475300e-01 -4.881424783031192496e-03
5.386541095255500400e-01 -8.424852756248946140e-01 8.385144392451545844e-03 2.888860362840338070e+01 8.425188532526382001e-01 5.386659958156980732e-01 -9.627386676833490226e-04 6.867867479894857574e+00 -3.705699002420378366e-03 7.583225377632852801e-03 9.999643806095172005e-01 -1.146976713498182310e-02
5.085652664265905010e-01 -8.609784957425616891e-01 8.797707276722264991e-03 2.903570329786371573e+01 8.610182113903068757e-01 5.085712476196322385e-01 -1.710482051244927720e-03 7.177840218175218112e+00 -3.001572702439450450e-03 8.444877943848167964e-03 9.999598364923590887e-01 -1.563422153820393651e-02
