1.000000000000000000e+00 0.000000000000000000e+00 0.000000000000000000e+00 0.000000000000000000e+00 0.000000000000000000e+00 1.000000000000000000e+00 0.000000000000000000e+00 0.000000000000000000e+00 0.000000000000000000e+00 0.000000000000000000e+00 1.000000000000000000e+00 0.000000000000000000e+00
9.999999802551957639e-01 -1.980211977800768960e-04 1.664972708945346028e-05 5.058754947602451396e-02 1.980165507579802339e-04 9.999999415732206964e-01 2.786449368782832701e-04 1.898907604733832046e-03 -1.670490372081952034e-05 -2.786416344549641965e-04 9.999999610398920824e-01 -4.444039988211273226e-04
9.999999534758745590e-01 -1.878820864335420469e-04 2.403093223791538820e-04 8.581438758561266145e-02 1.878598234569227039e-04 9.999999780611998901e-01 9.266221761739910510e-05 4.619501587088785388e-03 -2.403267266778352177e-04 -9.261706883949325333e-05 9.999999668325709745e-01 -1.784080171728952844e-04
9.999997746965114676e-01 -6.572716846083117345e-04 1.363849657724562029e-04 1.538057198861610408e-01 6.572711325677751872e-04 9.999997839889317452e-01 4.092445627636795565e-06 -2.650202251137894274e-03 -1.363876261604259120e-04 -4.002802804676040325e-06 9.999999906911964942e-01 4.559729858087888284e-03
9.999996799304163853e-01 -7.712137557822653072e-04 2.129986093815866371e-04 1.900679939637287541e-01 7.712115200128493494e-04 9.999997025603983847e-01 1.057857260344006884e-05 -3.571187142352463990e-03 -2.130067043680734296e-04 -1.041430223625894436e-05 9.999999772598427983e-01 1.789626446003240307e-04
9.999935849593132309e-01 3.581856889739442294e-03 1.847815709660589767e-05 2.794405970652168447e-01 -3.581864393060037351e-03 9.999934954647325958e-01 4.234096073796866097e-04 1.416215173792158624e-02 -1.696144428540658636e-05 -4.234730774427817365e-04 9.999999101914269772e-01 5.859934263916012111e-03
9.999857279537464061e-01 5.341878952775782306e-03 9.065357056628676373e-05 3.204937623065288732e-01 -5.341894288007653126e-03 9.999857175693596112e-01 1.697725202206351515e-04 2.140802681856499023e-03 -8.974537156042653938e-05 -1.702543590101694931e-04 9.999999814796105557e-01 1.785909987506108590e-03
9.999826181714938089e-01 5.894908994497311677e-03 1.157705964053186160e-04 3.528470329630107871e-01 -5.894918554981970829e-03 9.999826214205398411e-01 8.241441216480116397e-05 3.490581189662979311e-05 -1.152827590172633460e-04 -8.309543788849350768e-05 9.999999899025168171e-01 1.355277873267206161e-04
9.999816072413412193e-01 6.063064494680624542e-03 1.562944570847242282e-04 3.779144084465048126e-01 -6.063118362161563912e-03 9.999815590913903041e-01 3.465153367328277501e-04 1.276079004336730686e-03 -1.541906300379178188e-04 -3.474565951525221017e-04 9.999999277495794647e-01 1.136275864766487327e-03
9.999790901665680520e-01 6.464760524755088292e-03 1.615580399503780621e-04 4.609453734976746708e-01 -6.464803454830643503e-03 9.999790673929768170e-01 2.666311359127966174e-04 3.742740337407128755e-04 -1.598309516772966935e-04 -2.676700016749837909e-04 9.999999514034173531e-01 9.193260763660749627e-04
9.999685192442853143e-01 7.934765005972519228e-03 -4.969051791926769798e-06 5.127208382794044006e-01 -7.934763948228710020e-03 9.999685020710769034e-01 1.854368153124405581e-04 2.161307467881025922e-03 6.440292830046754970e-06 -1.853915493683417259e-04 9.999999827942478436e-01 2.353562027283280251e-03
9.999663917618076825e-01 8.198404505501253117e-03 -3.886431581971330318e-05 5.424251449628785249e-01 -8.198396623278146264e-03 9.999663728181200639e-01 1.988109149359948077e-04 2.211405841266427669e-04 4.049294122305067544e-05 -1.984856081758280388e-04 9.999999794818923426e-01 1.770664870335292036e-03
9.999670842050237818e-01 8.113573731709813192e-03 2.068340032090871085e-05 5.718049093231989399e-01 -8.113574408636258645e-03 9.999670838736333112e-01 3.285692458558639516e-05 3.299157642536452040e-03 -2.041613242326767306e-05 -3.302365938132048530e-05 9.999999992463097787e-01 8.389199992434587380e-04
9.999640456287804957e-01 8.479755054676177059e-03 -3.469776363670276447e-05 5.993387697355337940e-01 -8.479748164347189129e-03 9.999640274452250566e-01 1.941303544142221587e-04 -3.204508792448009999e-04 3.634269332360985335e-05 -1.938291462818893154e-04 9.999999805547351572e-01 1.052039742734166327e-03
9.999682123475305273e-01 7.973347559985419566e-03 -4.813711725626317589e-06 6.732016966675329339e-01 -7.973346034933071272e-03 9.999681784145124652e-01 2.605980986508501444e-04 4.843491882115785047e-04 6.891397759701723404e-06 -2.605514334597551561e-04 9.999999660327290041e-01 -1.113883674319628972e-03
9.999668612384401412e-01 8.140978931863307108e-03 -2.978209539502486061e-05 7.415783063442783485e-01 -8.140975515947683830e-03 9.999668553166274343e-01 1.130744169540783418e-04 -1.757947816389523847e-03 3.070164472305870259e-05 -1.128282144985118729e-04 9.999999931636014416e-01 7.724781139178292164e-04
9.999648907909418627e-01 8.377556555845757855e-03 -1.836616819637635657e-04 7.768541067295648972e-01 -8.377518923221314098e-03 9.999648870162318737e-01 2.047225090434867342e-04 -5.436298895781289421e-04 1.853703074518724147e-04 -2.031766921819957018e-04 9.999999621785397030e-01 -5.863694790091177403e-05
9.999549508062577363e-01 9.485587566272284457e-03 -3.463907869130173007e-04 8.086586958705469508e-01 -9.485487213080364896e-03 9.999549696403267074e-01 2.902136173864001360e-04 2.282470079330428062e-03 3.491280354919384715e-04 -2.869148581169315548e-04 9.999998978947343131e-01 -9.941180976205474945e-04
9.998144832224383771e-01 1.925847252334803028e-02 -3.322269042447251316e-04 8.742798556925087672e-01 -1.925834759724702472e-02 9.998144704203117961e-01 3.752145720849273526e-04 -7.154400458402536411e-03 3.393913258536768087e-04 -3.687468222835177888e-04 9.999998744196466616e-01 5.556988783040525334e-03
9.997158388536105944e-01 2.383349667486926726e-02 -4.538518158326352420e-04 9.123099865139169262e-01 -2.383335592932749741e-02 9.997158962187714382e-01 3.130377686518252454e-04 -5.148685865902246674e-03 4.611836594339114941e-04 -3.021320036147112187e-04 9.999998480129307366e-01 2.981177782017337824e-03
9.996719691841483568e-01 2.560702254133164282e-02 -4.841735793619280758e-04 9.510620967959768635e-01 -2.560693806760553151e-02 9.996720724161048954e-01 1.798724318693759017e-04 -1.083352983885710330e-02 4.886208029073053601e-04 -1.674152253081087811e-04 9.999998666109177758e-01 2.196406608302215596e-03
9.996426194988939917e-01 2.672787452029034769e-02 -5.039891040336792836e-04 1.025790072135160491e+00 -2.672787285276121902e-02 9.996427465409167823e-01 1.004485293261847561e-05 -1.607744869618343148e-02 5.040775297516808008e-04 3.429293593745344824e-06 9.999998729470338521e-01 3.954681037600751327e-03
9.995812979191437408e-01 2.892976199186108807e-02 -5.456385015099420640e-04 1.112973254522448885e+00 -2.892966762147236928e-02 9.995814333553917352e-01 1.800624658876241182e-04 -1.457391564376547474e-02 5.506192797149925093e-04 -1.642019328683119717e-04 9.999998349280534438e-01 6.012948016668228160e-04
9.994790524712625635e-01 3.226790082430364137e-02 -6.373755094438359955e-04 1.153606897439624523e+00 -3.226779645987165601e-02 9.994792440366527808e-01 1.733538157195721355e-04 -1.628527365532094970e-02 6.426373560795553205e-04 -1.526968042704350981e-04 9.999997818504334779e-01 2.054813866209084447e-04
9.992593521170418658e-01 3.847511458555304131e-02 -6.424673208529062826e-04 1.201019367573198382e+00 -3.847491040067636814e-02 9.992595129412759070e-01 3.272094495526905013e-04 -1.522072889369483796e-02 6.545810031811770012e-04 -3.022482299614172828e-04 9.999997400848250617e-01 1.939882630162531076e-03
9.990689314328354831e-01 4.313643059151497233e-02 -7.201399000135378292e-04 1.230896201968523451e+00 -4.313633750795645844e-02 9.990691845732201370e-01 1.443003838125610358e-04 -1.765526461639028294e-02 7.256941861758249004e-04 -1.131018324810333949e-04 9.999997302879254368e-01 9.579361116507818796e-04
9.989112844687507708e-01 4.664572032510148208e-02 -6.500279555419144354e-04 1.318805339473349658e+00 -4.664557114047666181e-02 9.989114734220474467e-01 2.428142766682730590e-04 -2.729990889839020024e-02 6.606466296763048888e-04 -2.122289957505262925e-04 9.999997592524130230e-01 1.704831523023270061e-03
9.988531509662660346e-01 4.787165870783146454e-02 -8.289133384645754011e-04 1.414906727861353408e+00 -4.787153823846055506e-02 9.988534871239518331e-01 1.645813022924145315e-04 -3.845396832152291750e-02 8.358417585819305972e-04 -1.247111958062328873e-04 9.999996429077723237e-01 5.606619390545884880e-04
9.988497651113226183e-01 4.794314803937178154e-02 -7.754309321721813714e-04 1.467166866766610900e+00 -4.794306661887393767e-02 9.988500624067604416e-01 1.232606546553503379e-04 -3.757797782952068677e-02 7.804487388058871204e-04 -8.594233911049813015e-05 9.999996917567927079e-01 7.193520847038707960e-04
9.988264539434978939e-01 4.842650417963310222e-02 -7.671998419345372631e-04 1.516166132724116267e+00 -4.842639303171480253e-02 9.988267407074479243e-01 1.628056340751426220e-04 -4.290848928958232444e-02 7.741838253097508898e-04 -1.254618530859060582e-04 9.999996924493167461e-01 2.575454076026152412e-03
9.988180577015822736e-01 4.859859475532099515e-02 -8.149828506057990238e-04 1.573911077487211374e+00 -4.859853227878586923e-02 9.988183885904988735e-01 9.630071084765039202e-05 -5.159262664528876940e-02 8.186999367921098027e-04 -5.657991859230901102e-05 9.999996632645065109e-01 -3.918624259084783901e-04
9.988359755670590534e-01 4.822990249217291164e-02 -7.552606151832553594e-04 1.663723125363471445e+00 -4.822977567735011600e-02 9.988362500548533252e-01 1.852416556346958370e-04 -4.849245132739377073e-02 7.633158676725145452e-04 -1.485999797733127386e-04 9.999996976334203369e-01 1.096589062220786059e-03
9.988340612055931489e-01 4.826953705437996012e-02 -7.549623151128034447e-04 1.713065911398656826e+00 -4.826944205588157288e-02 9.988343407961799425e-01 1.435613963375518924e-04 -5.206383800879217649e-02 7.610119284817488646e-04 -1.069524028124710569e-04 9.999997047109705495e-01 -3.061399318511127433e-04
9.985740916126754074e-01 5.337869195255807303e-02 -7.062615337009387146e-04 1.808309468196993564e+00 -5.337863635047825767e-02 9.985743395976416359e-01 9.735757390008376987e-05 -5.210341115948363688e-02 7.104514645450934378e-04 -5.951947334313661573e-05 9.999997458580420773e-01 1.405264537532698726e-03
9.982373101755224187e-01 5.934440178900598356e-02 -7.173212968162545567e-04 1.855981594282319902e+00 -5.934425301324564722e-02 9.982375509487740883e-01 2.269583520355453318e-04 -5.121619587864466305e-02 7.295257622098246268e-04 -1.839893983277787639e-04 9.999997169699916810e-01 2.040718491634451424e-03
9.976856199881329879e-01 6.799356439598933100e-02 -5.280810762257167256e-04 1.907178009277636699e+00 -6.799338757920547760e-02 9.976857118412277847e-01 3.458805667343779213e-04 -5.393044088400786307e-02 5.503765970317110604e-04 -3.091740463751755145e-04 9.999998007484853790e-01 4.081015632093050113e-03
9.971801546433363139e-01 7.504202712100561945e-02 -6.582940544670118702e-04 1.951162044244904470e+00 -7.504179690821054238e-02 9.971803214484884492e-01 3.677399570812638074e-04 -6.109139136337008585e-02 6.840338286738132864e-04 -3.173034185296325083e-04 9.999997157080905419e-01 2.299609451974207394e-03
9.967590271920564460e-01 8.044177434041362151e-02 -7.501014005986707516e-04 2.047324945928011175e+00 -8.044166759930808375e-02 9.967593033015921256e-01 1.714513549358588163e-04 -7.083993969344906660e-02 7.614624006703880031e-04 -1.105562782238929430e-04 9.999997039761170381e-01 7.513293797321708538e-04
9.966759635544855112e-01 8.146564389151710051e-02 -6.103589750185287781e-04 2.135107490492274440e+00 -8.146554620958955384e-02 9.966761415791491885e-01 1.832693999689661603e-04 -8.435008125401037560e-02 6.232603878737554047e-04 -1.329369785203120898e-04 9.999997969371037243e-01 1.977726044484184528e-03
9.966475396265719322e-01 8.181137231276949806e-02 -7.623100432827162624e-04 2.184917635156614413e+00 -8.181126526695098322e-02 9.966478253454077452e-01 1.706156213430921767e-04 -8.876559219758459185e-02 7.737129449967569206e-04 -1.076780900667884675e-04 9.999996948868072888e-01 2.254542763514082691e-03
9.966271696286196358e-01 8.205987300971172294e-02 -6.797055808024989347e-04 2.232746673860256159e+00 -8.205974860804267357e-02 9.966273897429710482e-01 2.089796568753472534e-04 -9.690596203426721233e-02 6.945620428937287387e-04 -1.524983348535007379e-04 9.999997471638812918e-01 -5.844265102378232157e-05
9.966424323545336472e-01 8.187371614504079798e-02 -7.460797813932508547e-04 2.269020461646821030e+00 -8.187357066616599011e-02 9.966426984910113918e-01 2.235417796371145312e-04 -1.022009361654903636e-01 7.618771628299199003e-04 -1.617070072858970125e-04 9.999996966969703083e-01 -5.060826976700707330e-05
9.966221769244126838e-01 8.211992893238380387e-02 -7.441334456101267184e-04 2.309431550675027811e+00 -8.211981639417680057e-02 9.966224476398547472e-01 1.805982603161018936e-04 -1.071475599585972327e-01 7.564508122371137048e-04 -1.188801294187254653e-04 9.999997068247987730e-01 1.674856399154726753e-04
9.962175295850614898e-01 8.689153266828004984e-02 -7.037741075044209480e-04 2.385526142966007512e+00 -8.689141372479604331e-02 9.962177688892925875e-01 1.979144923498050935e-04 -1.029776229215957906e-01 7.183093647576465962e-04 -1.360139594938386705e-04 9.999997327658939339e-01 3.112110939654303982e-03
9.958468894291607754e-01 9.104069647522732012e-02 -7.512653128490983908e-04 2.471304972965408187e+00 -9.104058003848898573e-02 9.958471657372953700e-01 1.878277171665759110e-04 -1.181220085621339094e-01 7.652453987057142868e-04 -1.186520180443360059e-04 9.999997001605441804e-01 4.531365483765280311e-04
9.957583093839793564e-01 9.200422114898634818e-02 -7.826771541780096209e-04 2.508403517808277972e+00 -9.200414624455952040e-02 9.957586152510955468e-01 1.312517820286467356e-04 -1.224313691488003869e-01 7.914332372129253244e-04 -5.868550922121059976e-05 9.999996850946714089e-01 3.264629159749167682e-03
9.957160042367199093e-01 9.245979194383913136e-02 -9.087246900583748847e-04 2.551276704169547660e+00 -9.245970644865186827e-02 9.957164175903250314e-01 1.357369464323976112e-04 -1.267286481411647181e-01 9.173823027870350345e-04 -5.113503184352115099e-05 9.999995778973704841e-01 3.797752507436961966e-03
9.956976338920525693e-01 9.265896719919608504e-02 -7.332525801136455896e-04 2.594741266270976343e+00 -9.265878454064910286e-02 9.956978816946677746e-01 2.793496033951418738e-04 -1.322164958554446212e-01 7.559822865044054730e-04 -2.102054462946007331e-04 9.999996921521789872e-01 6.051956131476973234e-04
9.955566126662479531e-01 9.416035922686463722e-02 -9.261353973520956937e-04 2.673325443469285467e+00 -9.416026401048330219e-02 9.955570417468843081e-01 1.459783151923188093e-04 -1.399205762347876802e-01 9.357659870427687768e-04 -5.812452347146361233e-05 9.999995604816820371e-01 1.868436823845073119e-05
9.945668584344050656e-01 1.040958462694745873e-01 -9.049272677715531179e-04 2.762583207514468508e+00 -1.040956304645959535e-01 9.945672525777212725e-01 2.825211167048389226e-04 -1.488980892968801151e-01 9.294203012226047228e-04 -1.867871650192275297e-04 9.999995506441283766e-01 1.161053798468021083e-03
9.936442862375078899e-01 1.125620629824982122e-01 -9.024437253875048975e-04 2.803833100223213304e+00 -1.125616566863024970e-01 9.936446216504054574e-01 4.891924545117085988e-04 -1.500028610111310556e-01 9.517728659487594564e-04 -3.845027265002851687e-04 9.999994731428937245e-01 -3.637653212272377867e-04
9.923556213169288931e-01 1.234069173480092513e-01 -1.026445981832215752e-03 2.857458982203658238e+00 -1.234064490043196155e-01 9.923560803953287435e-01 5.079828383546022407e-04 -1.535898539479892133e-01 1.081288507415585805e-03 -3.774295714610523419e-04 9.999993441808261441e-01 5.357129121474915601e-03
9.905926505225324252e-01 1.368412741121729781e-01 -8.163517017902002706e-04 2.894872424383762244e+00 -1.368405500368386207e-01 9.905926912015841079e-01 8.854397881857841270e-04 -1.560066859950260121e-01 9.298367380083027642e-04 -7.654001307605854754e-04 9.999992747828773121e-01 5.094888427314530656e-03
9.858452584368446736e-01 1.676560137834624820e-01 -7.664592816286422156e-04 2.982988149705528169e+00 -1.676550242760744547e-01 9.858449798832987776e-01 1.211806043491642096e-03 -1.973863220440890409e-01 9.587766058090742890e-04 -1.066152492653275495e-03 9.999989720326128984e-01 4.980868323042716116e-03
9.835060887293169962e-01 1.808719248019968473e-01 -1.058419001004923254e-03 3.016752406345540649e+00 -1.808706017039563851e-01 9.835061252913238627e-01 1.235699678581070066e-03 -1.926945308619197050e-01 1.264464949955232832e-03 -1.023881276158681349e-03 9.999986763968853332e-01 3.130779015177251150e-03
9.806104167107080327e-01 1.959653226475728260e-01 -8.960792846212858875e-04 3.111852757061972063e+00 -1.959642283065448631e-01 9.806103351655552913e-01 1.179741801238587406e-03 -2.373985965031480960e-01 1.109893090347938583e-03 -9.812676138113212918e-04 9.999989026249969104e-01 6.471995894513315334e-03
9.798053709112681808e-01 1.999499534435078829e-01 -1.204678949424789914e-03 3.202204407642734729e+00 -1.999491101899825429e-01 9.798059690179331538e-01 7.851185026746266551e-04 -2.467933867135641834e-01 1.337336033454090359e-03 -5.283888417203223180e-04 9.999989661682483488e-01 1.976217807665138493e-03
9.796352168077580025e-01 2.007819143146124807e-01 -1.210319865414997975e-03 3.239724666004485609e+00 -2.007812717441573025e-01 9.796358922137171632e-01 6.321419407027142022e-04 -2.661757097223080848e-01 1.312595450192652856e-03 -3.762589453383397009e-04 9.999990677607605294e-01 -2.249583848243358244e-03
9.795375339590107755e-01 2.012581596013340302e-01 -1.171648148492033083e-03 3.286104869301529341e+00 -2.012575321100047443e-01 9.795381596646505207e-01 6.320836811930469288e-04 -2.683010830050536755e-01 1.274886069539330055e-03 -3.833466754648078511e-04 9.999991138550253789e-01 1.531485558524792352e-03
9.791930771015083801e-01 2.029264049503666234e-01 -1.338630045713962288e-03 3.341601954822041254e+00 -2.029258660274313453e-01 9.791939612991609199e-01 5.282539866039601085e-04 -2.783208104517614911e-01 1.417975139578972433e-03 -2.456199853170248915e-04 9.999989645081270861e-01 -2.069661578411917738e-04
9.790654119831248003e-01 2.035418609029457648e-01 -1.276682607380018796e-03 3.436333947836068603e+00 -2.035416756362616597e-01 9.790662443247232227e-01 2.747782089535364845e-04 -2.986599088494920617e-01 1.305885713588231375e-03 -9.167723191278782545e-06 9.999991472888644095e-01 1.245796031804548981e-04
9.790725191607467792e-01 2.035051489478353626e-01 -1.629900594693587225e-03 3.480118867728513532e+00 -2.035049560998395679e-01 9.790738744266902494e-01 2.850577343539458354e-04 -3.091626123218703670e-01 1.653803806865449368e-03 5.260065489004822820e-05 9.999986310821328273e-01 3.434016633426018907e-04
9.771558580072381428e-01 2.125175223847065864e-01 -1.652828364942056025e-03 3.580257075670899347e+00 -2.125170341347657754e-01 9.771572501413372525e-01 4.676524167811373133e-04 -3.335648779307121004e-01 1.714457552993929688e-03 -1.057151165176306812e-04 9.999985247287183077e-01 -1.060846101861141321e-03
9.752044972017628321e-01 2.213015339055013353e-01 -1.348973138787995258e-03 3.636786584034142678e+00 -2.213009716828304718e-01 9.752054001020717955e-01 5.545664912672686620e-04 -3.477240600331329423e-01 1.438252304708732745e-03 -2.422866698934214190e-04 9.999989363631731631e-01 -7.182545939677762066e-04
9.742669014696321295e-01 2.253937504252159219e-01 -1.289174161122436926e-03 3.681894851025617754e+00 -2.253931846706182518e-01 9.742677183289707443e-01 5.703736476806932527e-04 -3.625562348320476858e-01 1.384559424079883890e-03 -2.651250966353419338e-04 9.999990063514484495e-01 -1.652732967033429317e-03
9.743294773028006173e-01 2.251200240150909582e-01 -1.744834174392638796e-03 3.720327068615144395e+00 -2.251195078735607757e-01 9.743310360124587399e-01 4.893236706906276597e-04 -3.600437575011643521e-01 1.810202645302949219e-03 -8.396626563564544015e-05 9.999983580566765839e-01 2.087617126481825826e-03
9.747098523350461452e-01 2.234697106440728109e-01 -1.411448067413788353e-03 3.832209671033647957e+00 -2.234693954163806950e-01 9.747108727630093838e-01 3.792490076523354851e-04 -4.023038759741498493e-01 1.460504443650675931e-03 -5.424229796044247910e-05 9.999989319917013120e-01 1.150064420162359236e-03
9.744661964730338966e-01 2.245266349986403120e-01 -1.849893933693048899e-03 3.945914643244488040e+00 -2.245263667243732886e-01 9.744679498265166329e-01 3.541277422017363014e-04 -4.169837495382452963e-01 1.882173459278597147e-03 7.026444974864989260e-05 9.999982262414149892e-01 1.178102269155550160e-03
9.744118314231731137e-01 2.247603751385693904e-01 -2.087235038832159495e-03 4.005154005123920058e+00 -2.247599658624505614e-01 9.744140656898538921e-01 4.316610698183539650e-04 -4.401937063659369653e-01 2.130851484223854168e-03 4.851122247903841690e-05 9.999977285567269725e-01 3.309870959895508478e-03
9.736564124118284314e-01 2.280115831436354268e-01 -1.976998143791818072e-03 4.048528546971097875e+00 -2.280112946253793627e-01 9.736584156158200054e-01 3.731269884828943787e-04 -4.479860561416142417e-01 2.009998155717360267e-03 8.748042125765977312e-05 9.999979761252468791e-01 2.343770712070749815e-03
9.743276770785320728e-01 2.251256004674040689e-01 -2.010396215286237420e-03 4.110907364081209714e+00 -2.251252442752809391e-01 9.743297494259227642e-01 4.046895275863007790e-04 -4.652523888925896856e-01 2.049894813587399296e-03 5.829073170524550580e-05 9.999978972645111597e-01 3.585802681036023495e-03
9.740033325916730433e-01 2.265189624346463371e-01 -2.582200194806488422e-03 4.282385823661050139e+00 -2.265187052412394875e-01 9.740067349719316869e-01 3.954809094460913802e-04 -4.995690136882423027e-01 2.604664306057792415e-03 1.997169210243634216e-04 9.999965879126809787e-01 4.869179909663234017e-03
9.732125975431138443e-01 2.298972686780509089e-01 -2.117979640411107693e-03 4.400399356052132838e+00 -2.298969524500328598e-01 9.732148967851043109e-01 3.948794070243496612e-04 -5.256244789806701068e-01 2.152031034267754862e-03 1.026154512552781455e-04 9.999976791135550824e-01 4.643101968387277657e-03
9.724163028099361838e-01 2.332432018387061989e-01 -2.035393201109033431e-03 4.468189568770267073e+00 -2.332425968647177938e-01 9.724184320019051420e-01 5.330204113366643175e-04 -5.436194899684316795e-01 2.103577252515332566e-03 -4.357734184676887541e-05 9.999977865294292778e-01 4.750596659662651919e-03
9.700568344098365881e-01 2.428685819751494890e-01 -2.142406158265699936e-03 4.524563759511141647e+00 -2.428677046323436395e-01 9.700591922320945804e-01 6.645394141528795408e-04 -5.508710928990360189e-01 2.239656532502196009e-03 -1.243197343855218092e-04 9.999974842384454776e-01 4.221535821444332912e-03
9.669797574532784656e-01 2.548486574166961005e-01 -1.520029113631671128e-03 4.589835787671865397e+00 -2.548471969590999087e-01 9.669807218433728035e-01 1.090772826656257171e-03 -5.706194161475253157e-01 1.747820839942457139e-03 -6.673800844514380000e-04 9.999982498615356263e-01 2.176883596999543667e-03
9.626868924904703473e-01 2.706085314187445801e-01 -2.229293706945580014e-03 4.647745893260923467e+00 -2.706056429117582041e-01 9.626890941406458513e-01 1.514611163538597286e-03 -6.004491168829736436e-01 2.555983441948498584e-03 -8.548368575512024520e-04 9.999963680947003830e-01 5.611589731370106998e-03
9.513984401636036425e-01 3.079622392290359278e-01 -5.169751444484233047e-04 4.764148857100651391e+00 -3.079589396910558663e-01 9.513938316954735352e-01 3.326931944829457279e-03 -6.285700437699279775e-01 1.516416375060397484e-03 -3.006030745510243195e-03 9.999943321142047425e-01 -1.408486917109274747e-02
9.467549215606945179e-01 3.219538238066329550e-01 9.240329489346606456e-04 4.827692565624486676e+00 -3.219509530765672922e-01 9.467240268305284756e-01 7.823096246292798525e-03 -6.714065576389116607e-01 1.643871556161772976e-03 -7.704048161604366840e-03 9.999689721827524913e-01 2.347044852730600928e-04
9.414259792692535322e-01 3.372172087767130177e-01 1.296017657947806483e-03 4.959770230439300320e+00 -3.372170483161969212e-01 9.413963870241017773e-01 7.583193448623397337e-03 -7.216408526901882947e-01 1.337116987647135255e-03 -7.576054567537300610e-03 9.999704073198121268e-01 6.739209080454416911e-03
9.410304143720983339e-01 3.383216738444986271e-01 -4.519222650593698529e-04 5.016187722437576824e+00 -3.383079164071343126e-01 9.410026470722336889e-01 7.859510119129428651e-03 -7.426201852085952959e-01 3.084302666793388870e-03 -7.243149184295837213e-03 9.999690114533318352e-01 8.289528438321423429e-03
9.413050137127745298e-01 3.375558074456814217e-01 9.736626147465467750e-04 5.091493049487165301e+00 -3.375539241042280758e-01 9.412791999270323506e-01 7.128541685571083801e-03 -7.729320908569243809e-01 1.489792277575653200e-03 -7.038795665449854543e-03 9.999741176023255740e-01 1.390414295356981120e-02
9.404566372752152237e-01 3.399128364108543465e-01 -7.596368355925354338e-04 5.145181561618104915e+00 -3.398981410346586518e-01 9.404326540998071415e-01 7.461690423469218882e-03 -7.920122494525805301e-01 3.250711641709398171e-03 -6.759197135765184460e-03 9.999718726683777259e-01 8.767611653830588436e-03
9.382256945188283126e-01 3.460218937151102181e-01 -1.181191970523417113e-03 5.257923116848414402e+00 -3.460211226303748222e-01 9.382263719808657809e-01 8.109335590453709865e-04 -8.224730841024375794e-01 1.388826222895128693e-03 -3.521213299614712306e-04 9.999989735856190665e-01 1.880867359326613211e-03
9.353939389510701474e-01 3.536048798383489289e-01 -1.329634577008624585e-03 5.330806423175777020e+00 -3.536023645181702313e-01 9.353940861952827479e-01 1.808678537207860423e-03 -8.559452305808674666e-01 1.883289876950220137e-03 -1.221665010839753825e-03 9.999974803737460283e-01 -5.863031521627619889e-03
9.249285124054387186e-01 3.801408606131209122e-01 -4.159708860503819267e-04 5.469147747158261019e+00 -3.801395540709963106e-01 9.249273347240042353e-01 1.828909799298157049e-03 -9.118746008466065422e-01 1.079986188046333940e-03 -1.533483832858864538e-03 9.999982410270370492e-01 -6.028888525693896008e-03
9.170806305358654154e-01 3.987015030541042893e-01 -4.780777527496131137e-04 5.536383378207673012e+00 -3.986987184382476124e-01 9.170776133690409226e-01 2.825415552253497664e-03 -9.578312244159477018e-01 1.564931831932361416e-03 -2.400524888851369477e-03 9.999958942258809769e-01 -2.190373048275611606e-03
9.092864978899293238e-01 4.161697731919117293e-01 8.857970762259454942e-04 5.590044301526106985e+00 -4.161626159798751390e-01 9.092534614541344373e-01 8.174343671627384497e-03 -9.916788778094696166e-01 2.596500694109515374e-03 -7.801455958192285607e-03 9.999661971632231028e-01 6.581315399973465714e-03
8.995133813147707658e-01 4.368925281208052569e-01 7.718211446169750880e-04 5.665487818794631814e+00 -4.368815776458540023e-01 8.994751369404232477e-01 8.886233154527446720e-03 -1.015737842892471487e+00 3.188094938604545472e-03 -8.330480071301098188e-03 9.999602187849495616e-01 4.620164317360472492e-03
8.789215125590270627e-01 4.769649399361141628e-01 1.191986866925361923e-03 5.795606044596450346e+00 -4.769544674574586751e-01 8.788790261788710367e-01 9.278648352598742322e-03 -1.107547841819433554e+00 3.377977697364218344e-03 -8.723727105900080936e-03 9.999562419686462977e-01 6.478516356323241014e-03
8.567561597936472761e-01 5.157147379345445870e-01 2.681740618769700140e-03 5.930785590053631928e+00 -5.157131521865332413e-01 8.567004018518915576e-01 1.021597418933592114e-02 -1.190365649249242708e+00 2.971080186036902538e-03 -1.013560772285885050e-02 9.999442195135769262e-01 -6.259978010158236475e-03
8.482962184827916863e-01 5.295120088929697877e-01 3.249330073601501122e-03 5.993753970111503904e+00 -5.295108540637928352e-01 8.482226502540415325e-01 1.168721629142919008e-02 -1.232251779552447690e+00 3.432366010260888989e-03 -1.163477692701775715e-02 9.999264227079061040e-01 -9.297297396096311506e-03
8.396222641115120844e-01 5.431479725921986024e-01 4.973276308688438091e-03 6.052999588965978894e+00 -5.431660215350624377e-01 8.395416080802958758e-01 1.185585727490917445e-02 -1.281739198116758072e+00 2.264212452585456781e-03 -1.265575643472706228e-02 9.999173491699373528e-01 -9.695733741354297178e-03
8.370214446237194128e-01 5.471663212431293610e-01 2.029319413565750137e-03 6.130792506709807910e+00 -5.471586584285291766e-01 8.369742419007242251e-01 9.566655706153809335e-03 -1.324659935311142789e+00 3.536063731592155659e-03 -9.117855667232215022e-03 9.999521793372508904e-01 4.469671133193650267e-03
8.354707944451592594e-01 5.495339935344022431e-01 9.703500945988225140e-04 6.277255509114757714e+00 -5.495203312543136542e-01 8.354345828599485380e-01 8.744329578258698207e-03 -1.419853897127187903e+00 3.994642327412217635e-03 -7.838859085054697765e-03 9.999612968114919287e-01 4.631986334093512667e-03
8.330621028869188427e-01 5.531787467121367374e-01 8.982870445162958149e-04 6.343139279263046326e+00 -5.531655039763390125e-01 8.330284218453638534e-01 8.460118700432435121e-03 -1.470075361366361744e+00 3.931659220683579592e-03 -7.544705680950464059e-03 9.999638090810888391e-01 8.539431741183002231e-03
8.248185816940556414e-01 5.653974701190546126e-01 8.986200085336643745e-05 6.476060869664384434e+00 -5.653768502270571927e-01 8.247871223409803942e-01 8.672949199464178791e-03 -1.567828857097175677e+00 4.829546514756474958e-03 -7.204415552804216936e-03 9.999623852310667305e-01 5.774504301245046017e-03
8.201529239898087686e-01 5.721333610702633576e-01 3.549425504295447564e-03 6.559965216438806479e+00 -5.721430592712059005e-01 8.201219770158539868e-01 7.229283739926309869e-03 -1.630976199689456285e+00 1.225152542401367062e-03 -7.959897364335383543e-03 9.999675689917133514e-01 1.161072574348924469e-02
8.103243081299651429e-01 5.859790175367445286e-01 1.762572087892210013e-03 6.628771781780406158e+00 -5.859700185523029070e-01 8.102855658307904774e-01 8.742949393053572188e-03 -1.669312316597982182e+00 3.694998174159710210e-03 -8.117438816983405664e-03 9.999602262967990374e-01 8.803859870042028690e-03
7.875691211359079347e-01 6.162158755759206130e-01 3.588052593718095082e-03 6.756513765580320907e+00 -6.162205662170783249e-01 7.875232498718212071e-01 8.907563214963548984e-03 -1.779872034652991930e+00 2.663307026440733458e-03 -9.226353533589004216e-03 9.999538895349905365e-01 -5.691873373212936321e-03
7.751948803551176326e-01 6.317036012199732653e-01 4.843312599033234266e-03 6.830123491755858645e+00 -6.317176179810590764e-01 7.751374151623936504e-01 9.738518763126967695e-03 -1.842880265856696287e+00 2.397624564377509246e-03 -1.060885578561720534e-02 9.999408500383251130e-01 -2.583623666666191171e-03
7.481242202703648481e-01 6.635126519603498085e-01 7.817399401491341090e-03 6.953852961001285138e+00 -6.635583082256995002e-01 7.480590223607443967e-01 9.903062624003984571e-03 -1.956316543215943282e+00 7.229311904992214398e-04 -1.259602132544976327e-02 9.999204056410002650e-01 1.341011418838276154e-03
7.313225727699673717e-01 6.819790831342430470e-01 8.474946872575786494e-03 7.013911744583936958e+00 -6.820307504239507823e-01 7.312438800666374306e-01 1.079089158650883840e-02 -2.024438465283462829e+00 1.161909315907382750e-03 -1.367179697283341794e-02 9.999058615361123836e-01 7.104033924034851288e-03
7.183682608635800770e-01 6.955869993596145440e-01 1.028436219330591123e-02 7.076711114262060676e+00 -6.956629888415010177e-01 7.182850771223787678e-01 1.093407240729179185e-02 -2.086787691306577486e+00 2.184947253956407570e-04 -1.500914072110638882e-02 9.998873326304664744e-01 -5.945258316056752090e-03
7.011812981139760037e-01 7.128889895355530193e-01 1.157910938620905321e-02 7.136982950590098795e+00 -7.129830022305414516e-01 7.010924581126624089e-01 1.116260309553129652e-02 -2.132740022096797361e+00 -1.603294209729620723e-04 -1.608271670219089261e-02 9.998706518935105425e-01 -8.823655386911532020e-03
6.706535371251221012e-01 7.416444565629165542e-01 1.368697158098264137e-02 7.251110326541504669e+00 -7.417696384696417233e-01 6.705701851266436808e-01 1.065036449310861714e-02 -2.267349264415142063e+00 -1.279291280194119751e-03 -1.729528458034485655e-02 9.998496069635199879e-01 -6.895535619668054228e-03
6.563456929224011915e-01 7.543267232881314399e-01 1.419598237544023901e-02 7.303317047518428140e+00 -7.544577771465839078e-01 6.562758852827639267e-01 9.768566904119023800e-03 -2.334831441380207817e+00 -1.947789836895566853e-03 -1.712182612092955775e-02 9.998515135684077348e-01 -8.833007396179927764e-03
6.240857617766621956e-01 7.811996182792574350e-01 1.562428711928313951e-02 7.389966581026844672e+00 -7.813519914179644088e-01 6.240207275979410273e-01 9.337935281302327251e-03 -2.481464940232840366e+00 -2.455087539104412915e-03 -1.803574030859066493e-02 9.998343285848393380e-01 -4.209333812655279006e-03
6.055007743389883013e-01 7.956897628450729787e-01 1.570393512586081702e-02 7.448398172397959094e+00 -7.958412336519589125e-01 6.054386075864740535e-01 8.990175920403698992e-03 -2.534984507543962096e+00 -2.354377670187988818e-03 -1.794139758500357118e-02 9.998362681751862269e-01 -1.160283900701588461e-02
5.880126808244625636e-01 8.086808243167282750e-01 1.662562997440148599e-02 7.479222946638883762e+00 -8.088473070870663140e-01 5.879530656875969763e-01 8.787853353204123918e-03 -2.608945801759822825e+00 -2.668521618793324827e-03 -1.861496524233045152e-02 9.998231653954597897e-01 -8.561076971425794768e-03
5.718779483401150721e-01 8.201415125569950781e-01 1.798642774496792690e-02 7.525878484697454240e+00 -8.203318408657884753e-01 5.718254570694769612e-01 8.444969451122724333e-03 -2.672587119951034040e+00 -3.359027247172000422e-03 -1.958433118613204377e-02 9.998025659638730689e-01 -6.719308412733973959e-03
5.388436177129211080e-01 8.422470356442572914e-01 1.635501753324333785e-02 7.611636328350977365e+00 -8.424029751615007555e-01 5.387906434293138203e-01 7.865748030416253381e-03 -2.802025019695807195e+00 -2.187027458291144859e-03 -1.801592355355047248e-02 9.998353081430008116e-01 9.725001602406536591e-03
5.052535111807761048e-01 8.627897256535392856e-01 1.768555190509765729e-02 7.671244971661262291e+00 -8.629589735978202558e-01 5.052484225134297180e-01 5.083447126459516088e-03 -2.938877664171829274e+00 -4.549651249717696216e-03 -1.783033522907954277e-02 9.998306755741817042e-01 -1.649987769228730347e-02
4.875301326963679127e-01 8.729292920370348430e-01 1.757329840363448109e-02 7.709597230235214482e+00 -8.730957828309278135e-01 4.875237161298454636e-01 4.937632407879514844e-03 -3.005259525881535776e+00 -4.257195780249182181e-03 -1.775041730966212677e-02 9.998333856045323875e-01 -1.475989582218157486e-02
4.713018205279621009e-01 8.817888604736943137e-01 1.797218716607380459e-02 7.735042276959288365e+00 -8.819595627214271705e-01 4.713055002651437286e-01 4.295945070846742334e-03 -3.072336091923476342e+00 -4.682274154485680483e-03 -1.787542906691629019e-02 9.998292580958090259e-01 -1.470692494853184998e-02
4.543040577484140918e-01 8.906568366271218062e-01 1.839082604708656976e-02 7.757999581798350697e+00 -8.908344275051228722e-01 4.543093002966801519e-01 4.133090316108096150e-03 -3.129819784358199630e+00 -4.673958166890835111e-03 -1.826086069465124653e-02 9.998223317578701641e-01 -1.053698388090124061e-02
4.188212529129811124e-01 9.079106271688837104e-01 1.694258487377839351e-02 7.822086385053720115e+00 -9.080598117722169516e-01 4.188267867567055935e-01 3.391303474941086485e-03 -3.266078651978880920e+00 -4.017007917183594221e-03 -1.680523040180099265e-02 9.998507127959331831e-01 -9.031553417902311170e-03
3.840165328164542036e-01 9.231527680002208358e-01 1.789607379175542357e-02 7.861134326735319533e+00 -9.233151815743104729e-01 3.840345664733429976e-01 2.554844032391367058e-03 -3.383567476933554641e+00 -4.514199599880816018e-03 -1.750481896970765630e-02 9.998365883057142023e-01 -3.420588564404754284e-03
3.485038176521253472e-01 9.371491119304036221e-01 1.722298144775967488e-02 7.892699396354021069e+00 -9.372983663133778176e-01 3.485221342026210145e-01 2.023481436295060561e-03 -3.507902407680586698e+00 -4.106286420473776247e-03 -1.684826337952779335e-02 9.998496259102801487e-01 -1.388269079224675739e-02
3.319985623917017792e-01 9.431313282637363571e-01 1.674073526832039333e-02 7.910030148889700463e+00 -9.432700328612328988e-01 3.320239462223374405e-01 1.320697132341838893e-03 -3.564796374725098804e+00 -4.312734145791534586e-03 -1.622950345596210764e-02 9.998589918292282164e-01 -1.035150061437146649e-02
3.126290726098971406e-01 9.497363460536810686e-01 1.624610549264756537e-02 7.938294794725317516e+00 -9.498637337406904413e-01 3.126639007334907072e-01 4.153339773094004428e-04 -3.641607540631564888e+00 -4.685112941057202607e-03 -1.556143189814097189e-02 9.998679370566940783e-01 -1.560323784993373000e-03
2.762548900172882016e-01 9.609565185528858855e-01 1.567817566725426826e-02 7.964358366471326001e+00 -9.610652615177865954e-01 2.763155926708156240e-01 -1.804536152184805370e-03 -3.768317467467767301e+00 -6.066205179900857093e-03 -1.456923806151748380e-02 9.998754614735888557e-01 -1.056293062953235322e-02
2.406520781610970161e-01 9.704862106304978919e-01 1.559141599733828223e-02 7.981764705258107107e+00 -9.705893162312735356e-01 2.407240117048600192e-01 -2.886071105716009333e-03 -3.874041539081708674e+00 -6.554120418035103146e-03 -1.443832278262265068e-02 9.998742812677855474e-01 -1.130262390227295202e-02
2.049376315482056565e-01 9.786501004755167044e-01 1.563803103569069014e-02 7.998052013183759357e+00 -9.787551304173348621e-01 2.050091969057399321e-01 -3.102235614757052617e-03 -3.991768539086551826e+00 -6.241943379894702298e-03 -1.467003828641496796e-02 9.998729059833141308e-01 -6.183410307974186379e-03
1.883983337719705720e-01 9.819727750175267778e-01 1.534721330807376979e-02 8.006912079140381167e+00 -9.820790474803712256e-01 1.884551034330107511e-01 -2.327765044086545915e-03 -4.060924171150061213e+00 -5.178062571311987071e-03 -1.463362957135261669e-02 9.998795150184726088e-01 -7.945547773915670117e-03
1.696349127805973911e-01 9.853891340459024484e-01 1.523977920398022178e-02 8.011757309746300848e+00 -9.854927556071375605e-01 1.696952495230511504e-01 -2.747896497377459203e-03 -4.117486135922551860e+00 -5.293865484694173715e-03 -1.455255281991208252e-02 9.998800919083515870e-01 -1.166649112106341903e-02
1.354898893502204382e-01 9.906652212043389749e-01 1.499697902990101278e-02 8.012275971114446449e+00 -9.907583690414774047e-01 1.355686207663823195e-01 -4.359270325725227331e-03 -4.221993331500048185e+00 -6.351697264270130851e-03 -1.426774543013375335e-02 9.998780362535242272e-01 -5.802618943200645030e-04
9.799010640759575619e-02 9.950795073458985618e-01 1.465309204474964100e-02 8.013688777158595400e+00 -9.951731758803453731e-01 9.805677631081755052e-02 -3.901105965940515272e-03 -4.342654156921475384e+00 -5.318745571586070732e-03 -1.420009435793070408e-02 9.998850275235501295e-01 -6.922404675407393265e-03
8.445865906886196317e-02 9.963335905476882193e-01 1.364225988029810384e-02 8.010242591717728899e+00 -9.964133323143276044e-01 8.452125435376522944e-02 -4.077836279688051846e-03 -4.408937356524204709e+00 -5.215946179510067351e-03 -1.324892104354108077e-02 9.998986248598576987e-01 -8.802440020933468418e-03
5.014982780125054607e-02 9.986481769559792943e-01 1.366797110050202782e-02 8.017778985196423847e+00 -9.987279667289500340e-01 5.021622360396726936e-02 -4.558438374475725328e-03 -4.505511414695027028e+00 -5.238630065431733145e-03 -1.342198008699186859e-02 9.998961982153857786e-01 -5.822743973674035511e-03
3.241115553530615756e-02 9.993900809489593140e-01 1.299934989524075685e-02 8.009133740774025512e+00 -9.994645223610745255e-01 3.246655194523895283e-02 -4.073272190327458832e-03 -4.551574106645764672e+00 -4.492831892646674541e-03 -1.286036957555294555e-02 9.999072083728393068e-01 -6.667664661259390356e-03
