1.000000000000000000e+00 0.000000000000000000e+00 0.000000000000000000e+00 0.000000000000000000e+00 0.000000000000000000e+00 1.000000000000000000e+00 0.000000000000000000e+00 0.000000000000000000e+00 0.000000000000000000e+00 0.000000000000000000e+00 1.000000000000000000e+00 0.000000000000000000e+00
9.999999978116881350e-01 -3.447549559577252104e-05 5.646294364844751820e-05 1.064687324751098368e-01 3.447911265738944585e-05 9.999999973536841669e-01 -6.406108440696334770e-05 -1.316947585751615177e-02 -5.646073496139540491e-05 6.406303105897274909e-05 9.999999963540566750e-01 3.100832631465726911e-03
9.999999592815481675e-01 2.192148821729219708e-04 1.827066979961479768e-04 2.428920107690774877e-01 -2.192109684302965774e-04 9.999999757434245851e-01 -2.144065432341047130e-05 -2.528682099720213142e-02 -1.827113936748203692e-04 2.140060213817378284e-05 9.999999830792802857e-01 2.670087419983919411e-03
9.999999411065149113e-01 3.241257112482026723e-04 1.128250413727234486e-04 2.379920735392549447e-01 -3.241212680095352690e-04 9.999999466966098538e-01 -3.939772806767125838e-05 -2.105939763616435784e-02 -1.128378051753977409e-04 3.936115675192879756e-05 9.999999928591645215e-01 3.932224337157392505e-04
9.999999475478068556e-01 2.879874012110165233e-04 1.482148447233093142e-04 3.978961062866923637e-01 -2.879821861008360169e-04 9.999999579133879157e-01 -3.520629174120920183e-05 -3.383097475664455234e-02 -1.482249774539134860e-04 3.516360665956597516e-05 9.999999883964383329e-01 1.803934959615288150e-03
9.999999159007517679e-01 3.310405821601835057e-04 2.420963081593382918e-04 5.489011251205250241e-01 -3.310271348957287700e-04 9.999999436657778240e-01 -5.558306434539822446e-05 -3.602761139752641562e-02 -2.421146947710102340e-04 5.550291922364547563e-05 9.999999691499498189e-01 1.373988806282514094e-03
9.999999583493140998e-01 8.241738414893230312e-05 2.766021417549580108e-04 7.151585572647587430e-01 -8.241868914985692749e-05 9.999999965925039369e-01 4.706575872281585625e-06 -4.155827028072069107e-02 -2.766017529087655695e-04 -4.729372862188958660e-06 9.999999617345509684e-01 3.828496906622380277e-03
9.999999469065522506e-01 1.075819045047557204e-04 3.075923055106651927e-04 8.875116971915844033e-01 -1.075641403159830780e-04 9.999999925463870509e-01 -5.776834313303973618e-05 -4.370343817636596767e-02 -3.075985180463655893e-04 5.773525416400917030e-05 9.999999510248948065e-01 1.956239025282524580e-03
9.999998855282133947e-01 4.412064154703482601e-04 -1.851498289137613190e-04 1.017420647445387738e+00 -4.412196240543404487e-04 9.999999001204014082e-01 -7.130519315408737904e-05 -5.324982134753961094e-02 1.851183501123948171e-04 7.138687672956157331e-05 9.999999803175549928e-01 6.631205373690855429e-03
9.999996642942147185e-01 5.281887431614457583e-04 -6.264408267651833595e-04 1.160063786814889975e+00 -5.282090211667666603e-04 9.999998599790183018e-01 -3.220518066664311861e-05 -5.884245094594772046e-02 6.264237286364241755e-04 3.253606155110219542e-05 9.999998032673390602e-01 1.079129691858145799e-02
9.999998326154332373e-01 4.182468850974712196e-04 -3.997982598069775096e-04 1.177848443100588449e+00 -4.182464390072728020e-04 9.999999125342350359e-01 1.199394699394920053e-06 -4.671129733104176229e-02 3.997987264814139088e-04 -1.032180300149185106e-06 9.999999200799533083e-01 8.084446305438358973e-03
9.999995501390616104e-01 5.970961804599969657e-04 -7.370195559076069469e-04 1.329157702094292404e+00 -5.971579788751679501e-04 9.999998182040124028e-01 -8.363187423987234815e-05 -5.553162051353614098e-02 7.369694856477355385e-04 8.407195372555618690e-05 9.999997249039040970e-01 9.141989991457589310e-03
9.999698036882108676e-01 2.035592629844245954e-04 -7.768543968300853711e-03 1.539324463627798290e+00 -2.142940177126796762e-04 9.999990234361220143e-01 -1.381015885561304168e-03 -3.125296646993438315e-02 7.768255263245595413e-03 1.382638936473782904e-03 9.999688707753539019e-01 1.413695151815384451e-02
9.999684676050741849e-01 2.108225757274125435e-04 -7.938472737332486970e-03 1.537250676152889906e+00 -2.214619907006764156e-04 9.999990785084209577e-01 -1.339379294903652413e-03 -2.839392207144100788e-02 7.938183050703881763e-03 1.341095131042302708e-03 9.999675928317391937e-01 1.923590947558803665e-02
9.999687257681326713e-01 1.883087610421298554e-04 -7.906454671191590414e-03 1.728486369183546589e+00 -2.014354513694943238e-04 9.999986027634101271e-01 -1.659486362206097311e-03 -4.638879774078581708e-02 7.906131128182994003e-03 1.661027103310248844e-03 9.999673665073005591e-01 1.955369008630603034e-02
9.999669167441455064e-01 -2.791921963808888327e-03 -7.640064721920314557e-03 1.925860080005190600e+00 2.778749450812240031e-03 9.999946355216388083e-01 -1.734208590237372536e-03 -4.655968866358265595e-02 7.644865512011344601e-03 1.712921391320670807e-03 9.999693104948823574e-01 2.498985218104602182e-02
9.999286780448557455e-01 -8.667477713805727887e-03 -8.216669249028377142e-03 2.072415781145452662e+00 8.648978386748109107e-03 9.999599877598150943e-01 -2.284305639818438611e-03 -3.498860341896978948e-02 8.236139649909511584e-03 2.213076923928155356e-03 9.999636334858362785e-01 2.493419611409695286e-02
9.998293243417013532e-01 -1.665118233875320652e-02 -8.003768683472694753e-03 2.236670570786025269e+00 1.662809004414678854e-02 9.998574121684773441e-01 -2.943119644077724865e-03 -2.477370550492262458e-02 8.051633865290412986e-03 2.809529938833714175e-03 9.999636382057209838e-01 2.437702900648548721e-02
9.994881453229472745e-01 -3.094992614994355323e-02 -8.096260260642669862e-03 2.403060425464925487e+00 3.091823849269528801e-02 9.995138722221565963e-01 -4.010207473334984930e-03 -6.729924922426251677e-03 8.216440068778993119e-03 3.757832724246325685e-03 9.999591835699158660e-01 2.675347470891186602e-02
9.994849246485242311e-01 -3.105078995669686287e-02 -8.107641050209224431e-03 2.407842448187808682e+00 3.102194715068904568e-02 9.995120048546058955e-01 -3.659364221561926811e-03 -4.650056940904933461e-03 8.217310710554894676e-03 3.405964561072979783e-03 9.999604368224249695e-01 2.590828149939205377e-02
9.993616177952262536e-01 -3.480755411125749377e-02 -8.049289067982811491e-03 2.539105424560787139e+00 3.477680886739430155e-02 9.993873821952578007e-01 -3.928596939156904500e-03 -1.216296848338555350e-02 8.181102780725271750e-03 3.646160405345573365e-03 9.999598867312576855e-01 2.314598752631799594e-02
9.991921697513614919e-01 -3.928396327128156479e-02 -8.472197900606092194e-03 2.948985811046427763e+00 3.925656006356222777e-02 9.992234578406650192e-01 -3.376950239584690719e-03 1.269324658639917405e-02 8.598278870934833798e-03 3.041632891277477879e-03 9.999584081699659510e-01 2.290229848248185110e-02
9.992859436363825676e-01 -3.695650713203731119e-02 -7.862533392244002578e-03 3.132627296609935108e+00 3.693142931364526427e-02 9.993123162325240338e-01 -3.311216519514467542e-03 3.670370751447312591e-02 7.979497452578074301e-03 3.018477528085558234e-03 9.999636075447029260e-01 2.130343339051808324e-02
9.992810936399805222e-01 -3.707483172907912600e-02 -7.921663079494460288e-03 3.134211395581870896e+00 3.704973549287005757e-02 9.993080014501866115e-01 -3.291707390122300403e-03 3.509036342417238413e-02 8.038220797721489994e-03 2.995845438985313830e-03 9.999632052813307581e-01 2.234068132609573487e-02
9.991666819747206940e-01 -4.023999578547230588e-02 -6.832596198553127741e-03 3.295977783593772248e+00 4.021057508681748910e-02 9.991815834112265371e-01 -4.390105126489326007e-03 1.893859932535861199e-02 7.003662100267551115e-03 4.111704150274727437e-03 9.999670207592677995e-01 2.990444684099828263e-02
9.992651428146300807e-01 -3.832677102772414496e-02 -4.826782006201927157e-04 3.485888368110012792e+00 3.832280516956539790e-02 9.992440430504384574e-01 -6.534908733023211437e-03 4.422357490959023113e-02 7.327752673776875532e-04 6.511608925743049385e-03 9.999785307643388466e-01 1.040164103720160257e-02
9.991831940788928890e-01 -4.040246173827807818e-02 -7.653468418865056865e-04 3.669562884962095595e+00 4.039649032573612575e-02 9.991615701930222082e-01 -6.654338342539317316e-03 5.048665710179288391e-02 1.033556802559593363e-03 6.617985713285980467e-03 9.999775667610921737e-01 1.077206004399974132e-02
9.992844220837912017e-01 -3.779933585681843206e-02 -1.361612810908834331e-03 3.849832931635582600e+00 3.779020879663953086e-02 9.992664625228441233e-01 -6.199757752336363531e-03 6.414965973562483659e-02 1.594960742394133015e-03 6.143865710178523717e-03 9.999798543042581755e-01 1.265620224967969019e-02
9.992811858311326789e-01 -3.788749900654495018e-02 -1.284158461498105227e-03 3.851172216127877412e+00 3.787853759501566553e-02 9.992618390346533763e-01 -6.402611869038504246e-03 6.492300900878990311e-02 1.525789496675997040e-03 6.349367536347468900e-03 9.999786785218474083e-01 1.271674725649080476e-02
9.992257795413458377e-01 -3.934253214910466562e-02 8.163385623831474324e-05 4.020418319541911423e+00 3.934228449198892003e-02 9.992066586826490182e-01 -6.183679746520585017e-03 7.290021774645807917e-02 1.617125264999872975e-04 6.182103877547368530e-03 9.999808775375187420e-01 6.907017599379302805e-03
9.992870209167716844e-01 -3.772202653701021979e-02 -1.580677457505540130e-03 4.214056350116318406e+00 3.771167754495484414e-02 9.992698437576986725e-01 -6.132595960106096422e-03 8.303307815308813566e-02 1.810857263540761397e-03 6.068613548880621988e-03 9.999799461617044916e-01 1.314611513572252512e-02
9.992280330779177433e-01 -3.926926582828579176e-02 -1.123687030826417540e-03 4.382814980870890054e+00 3.926178788936191683e-02 9.992106833436802393e-01 -6.043368562831728623e-03 9.266898971290910003e-02 1.360118732528640398e-03 5.994585320344937400e-03 9.999811073334687883e-01 1.134293382207686787e-02
9.992272086998705838e-01 -3.929048307033093657e-02 -1.115048862289630101e-03 4.381484358386227740e+00 3.928283959103781586e-02 9.992088745577768494e-01 -6.203508575460158631e-03 9.031719327439087508e-02 1.357905567426121026e-03 6.154912272409272453e-03 9.999801363764126982e-01 1.147719845898335402e-02
9.992427938898549300e-01 -3.890482544903357126e-02 -5.034043872961636119e-04 4.559154773681167505e+00 3.890106525602354121e-02 9.992246712436598788e-01 -6.063291181076338986e-03 9.915967397860184218e-02 7.389053684450647011e-04 6.039117053026061936e-03 9.999814913707535391e-01 8.656875500862372050e-03
9.992509611573213713e-01 -3.868908654537490943e-02 -8.192731253131649294e-04 4.712717765978448270e+00 3.868357012183586130e-02 9.992339459491029752e-01 -5.924750257537716308e-03 1.030175527189637757e-01 1.047868693290336575e-03 5.888619980069663765e-03 9.999821129029918820e-01 1.252634160814282416e-02
9.992549434314743628e-01 -3.854962977357020981e-02 -1.866566923952711708e-03 4.914371561617071116e+00 3.853748175020417499e-02 9.992381851182280394e-01 -6.157264163780909808e-03 1.008811370336574198e-01 2.102505199424046459e-03 6.080743864904175622e-03 9.999793017987601562e-01 6.045608408278658336e-03
9.992136331982816033e-01 -3.964960458845868257e-02 1.551988041203582723e-04 5.102188660903694384e+00 3.964983391487243020e-02 9.991965196638733504e-01 -5.848569237499850158e-03 1.170323091590100562e-01 7.681935274203512305e-05 5.850123723621088005e-03 9.999828849291398924e-01 3.816504254150962505e-03
9.992413970055705752e-01 -3.889360420128502166e-02 -1.979409656793960914e-03 5.266933505656715475e+00 3.888157949373489269e-02 9.992270589673099002e-01 -5.788557990771137605e-03 1.197587936374882589e-01 2.203017573238960462e-03 5.707204199424610082e-03 9.999812870918125540e-01 1.541407346700818595e-02
9.992560882109630116e-01 -3.855578911937457970e-02 -8.492930627014033023e-04 5.468354028465628680e+00 3.854995426747264559e-02 9.992383103554930424e-01 -6.058064367028799004e-03 1.361599475441930274e-01 1.082219617177151982e-03 6.020817492800601030e-03 9.999812891036604645e-01 6.303069220216683116e-03
9.992466972170096495e-01 -3.880404064736749092e-02 -5.334138499028625484e-04 5.647980035261149112e+00 3.880016756010340462e-02 9.992291167648528205e-01 -5.976554746676400638e-03 1.359523294153381912e-01 7.649171234298252206e-04 5.951356044597924840e-03 9.999819979694758443e-01 7.454054166625976793e-03
9.992547914812385246e-01 -3.856071929891406042e-02 -1.712492025343052013e-03 5.821258665686509737e+00 3.855025848207612599e-02 9.992399984393486312e-01 -5.770882938999682445e-03 1.461592718465768159e-01 1.933719925848847001e-03 5.700565417647295539e-03 9.999818819764523248e-01 1.404387372871359826e-02
9.992491656950823753e-01 -3.870733376834031847e-02 -1.687355987359363081e-03 5.821459464477932499e+00 3.869672353286354727e-02 9.992334481665134938e-01 -5.922807871323950910e-03 1.477338227275875882e-01 1.915318642654597779e-03 5.853065675848357491e-03 9.999810364085367498e-01 1.261826991758725758e-02
9.992501573187066999e-01 -3.869065781847915581e-02 -1.468365115769468786e-03 5.985820810565678052e+00 3.868104628621674840e-02 9.992330498338578559e-01 -6.090055659066635936e-03 1.496864302488115361e-01 1.702867212500412068e-03 6.028691176393871816e-03 9.999803773704543097e-01 9.829533953819264563e-03
9.992677561462360858e-01 -3.825306107157479957e-02 -8.092250124492510535e-04 6.196300585051031540e+00 3.824748462775976604e-02 9.992500019252841259e-01 -6.046781951490214947e-03 1.604517930742005716e-01 1.039926014524753623e-03 6.011403411347134539e-03 9.999813906183006029e-01 6.350278022897035829e-03
9.992061135107092040e-01 -3.979097607652204438e-02 -1.954723945057961366e-03 6.366298678894610319e+00 3.977885531861523327e-02 9.991911419017648344e-01 -5.891062263111609618e-03 1.676465077701997375e-01 2.187553968341962671e-03 5.808628747375060852e-03 9.999807370343244406e-01 1.368216956329697254e-02
9.993106306473368283e-01 -3.710228731216839299e-02 -1.297594477233432247e-03 6.558257421805653742e+00 3.709376233550024798e-02 9.992933474595383503e-01 -6.071121717420281672e-03 1.766507201315158648e-01 1.521930031066478931e-03 6.018803811025649070e-03 9.999807286791405625e-01 1.149603956690694630e-02
9.991861374058712553e-01 -4.033192488312007523e-02 -6.313882781893064228e-04 6.751207806509706977e+00 4.032729330159722653e-02 9.991676179679673808e-01 -6.146594112599720362e-03 1.846742553126838604e-01 8.787666939677056836e-04 6.116129449288452459e-03 9.999809101826180324e-01 4.654973812279953119e-03
9.993168800070020286e-01 -3.693418401617627744e-02 -1.280384368194715681e-03 6.918854931199064140e+00 3.692564225053383831e-02 9.992990729441748599e-01 -6.153028303063152321e-03 1.841048490954119987e-01 1.506743991751267756e-03 6.101546031288714034e-03 9.999802502342590715e-01 6.235063262144782334e-03
9.992529638987386331e-01 -3.864350905144822018e-02 -4.397132893799406876e-04 7.113802965618359231e+00 3.864029757249027447e-02 9.992362050075535018e-01 -5.825290174044543863e-03 1.962192590916914114e-01 6.644870921394028336e-04 5.803947819635990428e-03 9.999829361777186065e-01 3.429680192351979018e-03
9.993509143879510948e-01 -3.599983096145441264e-02 -1.327434635951283770e-03 7.281865363996035789e+00 3.599164479824568108e-02 9.993355677209891930e-01 -5.746702748985327985e-03 1.977595277488076175e-01 1.533432973080078041e-03 5.695196091004193356e-03 9.999826065111343532e-01 1.363544065980386820e-02
9.992183853433456164e-01 -3.952822715694581657e-02 3.710116792297134649e-04 7.484198724734709707e+00 3.952970222144128187e-02 9.992020841117315033e-01 -5.709443848265977235e-03 2.094061477505067825e-01 -1.450314497420384253e-04 5.719647244473454080e-03 9.999836321666857319e-01 3.707009397114128732e-03
9.993002827005789124e-01 -3.737702895482146459e-02 -1.379384302332800931e-03 7.641153322909986834e+00 3.736840556825009318e-02 9.992845962705440011e-01 -5.822192173287354423e-03 2.186961450009560215e-01 1.596013731100055138e-03 5.766572892659101342e-03 9.999820995284084413e-01 8.537187759606509538e-03
9.993227334635079728e-01 -3.679522840648265930e-02 -4.307546137974938320e-04 7.819955799413102149e+00 3.679219039087324589e-02 9.993067706154118435e-01 -5.684446185730338344e-03 2.176122454299625197e-01 6.396164978099693225e-04 5.664747894787668797e-03 9.999837506289910305e-01 1.149267696967735952e-02
9.992549227176661386e-01 -3.858740351566015969e-02 -7.821217493467584603e-04 8.000048176357937635e+00 3.858241339610142540e-02 9.992396157945936386e-01 -5.620284975454007195e-03 2.196392950657452547e-01 9.983992405426962962e-04 5.585921284139174631e-03 9.999839002115803455e-01 1.186842736862559963e-02
9.992515865589221002e-01 -3.867234668881878307e-02 -8.463811534095565421e-04 8.002999538971881321e+00 3.866697384125116627e-02 9.992362276241965047e-01 -5.641501336085217970e-03 2.212128325250693750e-01 1.063904806379703527e-03 5.604552162738816838e-03 9.999837284184268649e-01 1.222489823907654122e-02
9.992833660324434986e-01 -3.784822405236865778e-02 -5.160493690070393127e-04 8.175771893342377084e+00 3.784468868457169927e-02 9.992674840260619140e-01 -5.681100825708048502e-03 2.255757799353929893e-01 7.306909315163956885e-04 5.657499828167291550e-03 9.999837292608599881e-01 1.103690835415665171e-02
9.993451541868884069e-01 -3.615912326067513560e-02 -1.334394320840253268e-03 8.359722563331301259e+00 3.615069606814604042e-02 9.993290772706115987e-01 -5.875584673581365699e-03 2.366308163538325959e-01 1.545955035800997048e-03 5.823497788030531849e-03 9.999818482835276523e-01 8.993245660333737748e-03
9.991261171040743960e-01 -4.179563778907557231e-02 -3.560650781878045654e-04 8.532309140275597059e+00 4.179289528198586873e-02 9.991096660320818446e-01 -5.764472674125473844e-03 2.502657605692231724e-01 5.966778732866766894e-04 5.744554209525250255e-03 9.999833218971451165e-01 1.036665587553718335e-02
9.993120697608868230e-01 -3.707736731130989449e-02 -8.099774532308285464e-04 8.723893482161981794e+00 3.707206193617042234e-02 9.992957673858753331e-01 -5.799267925796716509e-03 2.440957109270766034e-01 1.024428627713020856e-03 5.765250899712766504e-03 9.999828560670678268e-01 8.021480996345430742e-03
9.992386002414465063e-01 -3.899028812528868709e-02 -1.406136345334355183e-03 8.909597750918541337e+00 3.898156663064864663e-02 9.992232573813538687e-01 -5.772293410511412579e-03 2.574969707467510416e-01 1.630107522526851862e-03 5.713084990064920890e-03 9.999823515489467685e-01 1.068232481205429185e-02
9.992382388782586888e-01 -3.900163112206036370e-02 -1.347120371286499203e-03 8.907065785214422604e+00 3.899309803678240732e-02 9.992222571083607674e-01 -5.866788283785213595e-03 2.588552206760609264e-01 1.574886970508965461e-03 5.809790795856218173e-03 9.999818828668539661e-01 8.789190104898991079e-03
9.991720136542049380e-01 -4.067893071233564389e-02 -7.153504751739757014e-04 9.084682579344132591e+00 4.067416050471104466e-02 9.991559293125273911e-01 -5.748181178142001795e-03 2.627730238587296929e-01 9.485765326742020762e-04 5.714325482568997049e-03 9.999832232026899526e-01 8.391629877650921832e-03
9.992298878781459281e-01 -3.922594719253665735e-02 -9.778741617652245838e-04 9.270647051892790813e+00 3.921959711411129174e-02 9.992135809279665271e-01 -5.834628635733848066e-03 2.684638088645010523e-01 1.205973977627721773e-03 5.791783486842221919e-03 9.999825002822833042e-01 8.512875175078107870e-03
9.993042596753713980e-01 -3.725745755004421927e-02 -1.696600001332757837e-03 9.451536185848597782e+00 3.724686874769875949e-02 9.992887052973976614e-01 -5.895272134713672521e-03 2.706870576210992363e-01 1.915036070044428109e-03 5.827977518597905748e-03 9.999811834804158694e-01 1.041580759785328859e-02
9.991342076478417766e-01 -4.159484688660390617e-02 -8.389400451105873992e-04 9.659526523411196663e+00 4.158913661227187086e-02 9.991170739838742820e-01 -5.951150287738160224e-03 2.870900019831081895e-01 1.085736508136427155e-03 5.911107035186883435e-03 9.999819398318419150e-01 8.543240661899017055e-03
9.992253627656145776e-01 -3.929416980947194465e-02 -2.154675128740242418e-03 9.841611387866452176e+00 3.928075131769816902e-02 9.992104891650473997e-01 -5.951547568821784553e-03 2.867114494599511398e-01 2.386835110178731935e-03 5.862300020570284168e-03 9.999799680276728608e-01 1.089301464082878881e-02
9.992255012358906008e-01 -3.929935349236358261e-02 -1.989596684123959899e-03 9.837826866714511453e+00 3.928683478944958868e-02 9.992100661850777943e-01 -5.982327861205756839e-03 2.873663182294228791e-01 2.223126651749853921e-03 5.899529599443941244e-03 9.999801264317184080e-01 8.589276619566866416e-03
9.992907201747597279e-01 -3.762810494185283433e-02 -1.477257964944218979e-03 1.003096570328210113e+01 3.761886098782039195e-02 9.992750183457971280e-01 -5.853119508940812614e-03 2.936517145146382290e-01 1.696428775140740265e-03 5.793395247332013172e-03 9.999817791844605175e-01 8.741581663784206424e-03
9.991877772222510501e-01 -4.025416480186402163e-02 -1.840669921926975372e-03 1.021745150385854828e+01 4.024272090243680849e-02 9.991726270924123909e-01 -5.880874392084751295e-03 3.018056547110082866e-01 2.075876688459802992e-03 5.802024246008802982e-03 9.999810134450668464e-01 1.172101165892911953e-02
9.992840452944192764e-01 -3.782179207613213523e-02 -9.533436792989247784e-04 1.042431967705070761e+01 3.781561773921700287e-02 9.992677531256385359e-01 -5.825514418430768719e-03 3.035409622726011891e-01 1.172976991439964251e-03 5.785292333819997725e-03 9.999825771070163238e-01 1.167020004080287533e-02
9.992729713202233022e-01 -3.802651001022135796e-02 -2.741044562683332426e-03 1.061448152787098387e+01 3.800981018310111564e-02 9.992599078803451329e-01 -5.906846265875807800e-03 3.168286606228055136e-01 2.963632685861033230e-03 5.798365235702469464e-03 9.999787976961794778e-01 8.333847012932195375e-03
9.992302216111826896e-01 -3.922956924765778897e-02 7.152279262812936121e-05 1.080295809903074833e+01 3.922935516165039493e-02 9.992145675577569497e-01 -5.595147358732548842e-03 3.274877696594211685e-01 1.480286044538086743e-04 5.593646128247710056e-03 9.999843444827144490e-01 1.593839577629877630e-02
9.992266150639406153e-01 -3.932109591360138240e-02 1.521972827020479080e-04 1.079951011567397501e+01 3.932133168380710225e-02 9.992109439525317383e-01 -5.596638285835725882e-03 3.262564855005752884e-01 6.798876031535651832e-05 5.598294529927388616e-03 9.999843271151226398e-01 1.467324163869345582e-02
9.992203198908057304e-01 -3.937438131975025402e-02 -2.900071206484602579e-03 1.098395639657498535e+01 3.935724736625667575e-02 9.992086848419806655e-01 -5.745538800726707716e-03 3.366930429805704006e-01 3.124003371806809495e-03 5.626920298553804607e-03 9.999792889709699928e-01 1.393151707960618713e-02
9.992859356338156251e-01 -3.777786870309182699e-02 -6.719231366338875239e-04 1.120820945391213108e+01 3.777329615829481957e-02 9.992691668335232924e-01 -5.857500591025043002e-03 3.413401865903482046e-01 8.927159611763392380e-04 5.827937206942405968e-03 9.999826189520119035e-01 6.618907293843095951e-03
9.991884464301499236e-01 -4.021453328959626039e-02 -2.289068108087592701e-03 1.138432819037751997e+01 4.020042576721782890e-02 9.991741740412322104e-01 -5.907258006543926292e-03 3.443883971846105063e-01 2.524735359976940791e-03 5.810442437665408986e-03 9.999799320336586472e-01 1.049783035082792193e-02
9.993149616493181009e-01 -3.696973555551403418e-02 -1.687031943172187997e-03 1.159352469095474270e+01 3.695955835898123015e-02 9.993004465724534269e-01 -5.710387552893214647e-03 3.557636240346859213e-01 1.896963291943922153e-03 5.644123762865087962e-03 9.999822725414778679e-01 1.267244092397607977e-02
9.992637866841456162e-01 -3.823445223946622673e-02 -3.164061252614505833e-03 1.179350443893944345e+01 3.821476838440748813e-02 9.992511505300722963e-01 -6.063797626316930721e-03 3.635379204947216669e-01 3.393537827755870213e-03 5.938419509837048783e-03 9.999766092638051607e-01 3.962627158664196181e-03
9.992381742231085662e-01 -3.886668205938208914e-02 -3.528767626711616992e-03 1.200677450620166908e+01 3.884502501689508086e-02 9.992271652102132640e-01 -6.011350713271954027e-03 3.793332631555871304e-01 3.759681729244801658e-03 5.869696044606227334e-03 9.999757054357064634e-01 5.987785964959774221e-03
9.992379801675292939e-01 -3.888544727761658604e-02 -3.373570917593322720e-03 1.200974681749405448e+01 3.886421811963250428e-02 9.992256038604750978e-01 -6.145334784901308571e-03 3.777734958392294229e-01 3.609922529079908141e-03 6.009540721934645592e-03 9.999754266378976242e-01 4.058442465820778430e-03
9.992480707631561376e-01 -3.868341042866042107e-02 -2.624277751733945872e-03 1.223276599075107285e+01 3.866737791249341000e-02 9.992346761737505023e-01 -5.907268176785150128e-03 3.852822971670776808e-01 2.850782608838591577e-03 5.801352389559502783e-03 9.999791084562563714e-01 1.260116480238882355e-02
9.992359818319601628e-01 -3.876606168428691629e-02 -4.964380506021636059e-03 1.245658104393529264e+01 3.873602646897281870e-02 9.992314059756950417e-01 -6.009789116990356395e-03 3.965279965106541238e-01 5.193540768449136751e-03 5.812897154235581801e-03 9.999696182189540261e-01 7.673973881463402869e-03
9.992023469736530661e-01 -3.970657720827346776e-02 -4.249415106438512828e-03 1.267383480228295944e+01 3.968076987393797522e-02 9.991944279039486343e-01 -5.994309627675563183e-03 3.975831913190688849e-01 4.484005414245823516e-03 5.820908185522764323e-03 9.999730049973052370e-01 9.631426897761752315e-03
9.992938510831209653e-01 -3.731859920116049195e-02 -4.372795573595932538e-03 1.290022887235887872e+01 3.729191641086949255e-02 9.992862065176065789e-01 -6.032448429631127700e-03 4.048202124513540223e-01 4.594796825762735050e-03 5.865118695694056077e-03 9.999722437272023923e-01 1.284458679481099985e-02
9.991921499853214650e-01 -3.991555547992950426e-02 -4.668601336540729833e-03 1.313771803302485530e+01 3.988758403639887373e-02 9.991865266857206107e-01 -5.938478716390835181e-03 4.176977475983367771e-01 4.901841230608923981e-03 5.747462088128918282e-03 9.999714689090360986e-01 1.464181309467958367e-02
9.991909684154477445e-01 -3.994693483805455275e-02 -4.653067165215897701e-03 1.313994214792424486e+01 3.991883294050985881e-02 9.991850107351292198e-01 -5.983401951008335620e-03 4.174114699765427150e-01 4.888293533274342371e-03 5.792816179017673192e-03 9.999712735209190795e-01 1.377731933965222963e-02
9.992481869754203938e-01 -3.844402793858783113e-02 -5.011740435448130450e-03 1.338098582300445116e+01 3.841291776994886636e-02 9.992429484448291932e-01 -6.162607539313086878e-03 4.199257141990475062e-01 5.244861745973266633e-03 5.965458837468461638e-03 9.999684518654196053e-01 6.458067209453634619e-03
9.991957479126383213e-01 -3.979495360678781540e-02 -4.921282428076577571e-03 1.361777882279746699e+01 3.976533330629839630e-02 9.991911700138578212e-01 -5.976958539001934329e-03 4.422332032380586475e-01 5.155154735047751298e-03 5.776455121573972895e-03 9.999700280237834304e-01 1.415516270677050562e-02
9.992961142625329529e-01 -3.719308977275934125e-02 -4.893883218676335634e-03 1.388653011368385570e+01 3.716312687015642380e-02 9.992907326139155444e-01 -6.077311344388190879e-03 4.514254520231373857e-01 5.116446133326861892e-03 5.891161608667331608e-03 9.999695576335638769e-01 1.102373737234957178e-02
9.992073665174561192e-01 -3.948583202362609956e-02 -5.050521423780629168e-03 1.413261248493541977e+01 3.945510917069268431e-02 9.992030609000194241e-01 -6.044621440649104033e-03 4.591368721244798445e-01 5.285173372634607847e-03 5.840561397161755930e-03 9.999689769112776183e-01 1.153037326719699024e-02
9.992328166782846743e-01 -3.877945958753763189e-02 -5.470976812239076136e-03 1.438692094133467947e+01 3.874554611239112989e-02 9.992300338155528650e-01 -6.174315947669562279e-03 4.690272226657641874e-01 5.706200980871098567e-03 5.957603131093077917e-03 9.999659725387151088e-01 1.013877493851483846e-02
9.992085665912978643e-01 -3.941400734135312722e-02 -5.364370965883376134e-03 1.464899451756209281e+01 3.938013405440624060e-02 9.992045663061298599e-01 -6.280104683513957134e-03 4.812175955364204616e-01 5.607628056571179083e-03 6.063884751103225043e-03 9.999658913229513280e-01 7.368587975340372062e-03
9.992060012940395808e-01 -3.948520818750387434e-02 -5.318393776805699011e-03 1.465043179655713068e+01 3.945150931310661274e-02 9.992016329139123965e-01 -6.298824897458768501e-03 4.803234106063968278e-01 5.562858158676237466e-03 6.084004977024697752e-03 9.999660191689245803e-01 7.095598233616622411e-03
9.992836176187650521e-01 -3.747518665066038035e-02 -5.278441460506105506e-03 1.491309471886374638e+01 3.744187305589163905e-02 9.992791072206932412e-01 -6.274712286684686405e-03 4.857834795588194532e-01 5.509782284293933408e-03 6.072582458257962806e-03 9.999663824556640490e-01 9.489597977452733993e-03
9.991979371301592527e-01 -3.969825209098790803e-02 -5.247019702151981858e-03 1.517815275853175905e+01 3.966603938570007620e-02 9.991943302300264618e-01 -6.107025104004891805e-03 5.013914435653292756e-01 5.485230559100279756e-03 5.893998395760678688e-03 9.999675859889780583e-01 1.475192875076498066e-02
9.992660575113792021e-01 -3.792910000267649129e-02 -5.360007336934378801e-03 1.546172104888435683e+01 3.789589923114221326e-02 9.992626709348890746e-01 -6.165654672020404181e-03 5.100084269291950134e-01 5.589912980372680439e-03 5.958007138167796188e-03 9.999666269550265829e-01 1.544066715185757159e-02
9.992121186644846720e-01 -3.928260069239312285e-02 -5.658550775046022191e-03 1.575032949059259124e+01 3.924685388656757451e-02 9.992097124975680700e-01 -6.295626301941740187e-03 5.230560311765386494e-01 5.901387467214332452e-03 6.068585780005106116e-03 9.999641723044844221e-01 1.031247669667670168e-02
9.992726473633563034e-01 -3.775095909287769919e-02 -5.388999814175534503e-03 1.603984459487993774e+01 3.771757721179814365e-02 9.992694078207676744e-01 -6.167249208872239465e-03 5.313921944873262193e-01 5.617882225657131259e-03 5.959503427313796002e-03 9.999664612966768784e-01 1.059415139867399269e-02
9.992704935114071763e-01 -3.780983446465468328e-02 -5.375613009151592250e-03 1.603770661039489909e+01 3.777654104791815931e-02 9.992671902508383219e-01 -6.165665791280449878e-03 5.312713753570551534e-01 5.604796510463463596e-03 5.958095832581278284e-03 9.999665431153814676e-01 1.020952573518862233e-02
9.992049033030910854e-01 -3.948878479018486792e-02 -5.495187972664542994e-03 1.631421723126330292e+01 3.945492894432695713e-02 9.992024939349501977e-01 -6.138786213411819709e-03 5.443497263493976002e-01 5.733218734582127760e-03 5.917093033773305338e-03 9.999660585304738225e-01 1.264438011280688209e-02
9.992619534179705276e-01 -3.800922808377250189e-02 -5.554010422884884078e-03 1.661004469684275264e+01 3.797425380674548240e-02 9.992590315199085804e-01 -6.272477478254010440e-03 5.559245809349190326e-01 5.788307103344709874e-03 6.056938696246387359e-03 9.999649038813849256e-01 9.924786163025715868e-03
9.992176634912319777e-01 -3.915598076215116158e-02 -5.556090143004081307e-03 1.690574658461175162e+01 3.912155714185001215e-02 9.992153804910754999e-01 -6.174719173556208855e-03 5.635598270523685116e-01 5.793507911455989499e-03 5.952525567300542657e-03 9.999655007576263577e-01 8.664400506737859192e-03
9.992665407045487891e-01 -3.811829560609792528e-02 3.657344453364490353e-03 1.722479877874144805e+01 3.813820130376866652e-02 9.992571353619890129e-01 -5.536698426392669056e-03 5.734173367840770252e-01 -3.443578034202007202e-03 5.672122022465357627e-03 9.999779841586936557e-01 4.405159663684682370e-03
9.992036944376805341e-01 -3.974411301212082970e-02 -3.518878083999356105e-03 1.751910763830353801e+01 3.972224687442342528e-02 9.991922628110404547e-01 -6.079888304888403025e-03 5.777563122943807361e-01 3.757675523198051541e-03 5.935269112039318756e-03 9.999753259232100344e-01 2.134931567111159056e-02
9.992037613153796904e-01 -3.974680656743811991e-02 -3.469112406414653991e-03 1.751226992238679969e+01 3.972530415017802574e-02 9.991922532282905278e-01 -6.061460116794784199e-03 5.795363648414924018e-01 3.707233924846158307e-03 5.918822202288531210e-03 9.999756116827870356e-01 2.133182251731645385e-02
9.992539729904866830e-01 -3.861966447650304335e-02 1.377622954535299819e-04 1.783272468064324556e+01 3.861983169988354725e-02 9.992383932191580831e-01 -5.580512186874784022e-03 5.986346970686093893e-01 7.786013350897212377e-05 5.581669330721461542e-03 9.999844193312624752e-01 1.155404470423813251e-02
9.991767224437132500e-01 -4.037985212852920891e-02 -3.917252700153570077e-03 1.813880913007595552e+01 4.035670218196008019e-02 9.991683921038162497e-01 -5.819004182081016947e-03 6.140866111741055677e-01 4.148965610284499270e-03 5.656126125946393975e-03 9.999753968581487351e-01 1.508824280662968143e-02
9.992372392056753094e-01 -3.884570326376941135e-02 -3.993885647222302632e-03 1.844031726181703945e+01 3.882387135112461835e-02 9.992314466986446098e-01 -5.405824807104592407e-03 6.324950309620560596e-01 4.200809199575602365e-03 5.246643353321883523e-03 9.999774127127031287e-01 1.237052755714097840e-02
9.991536277101341623e-01 -4.081458429555069600e-02 -5.118392566023129663e-03 1.875571052853776877e+01 4.078849045955930397e-02 9.991547726865098733e-01 -5.102868193396236512e-03 6.412521600774636621e-01 5.322337804853616815e-03 4.889777760810995466e-03 9.999738810557707858e-01 1.388660871320810189e-02
9.992193626505453397e-01 -3.913942852800052219e-02 -5.363808231049868765e-03 1.908869759177886039e+01 3.911033789143904260e-02 9.992201704604558588e-01 -5.425164973993744713e-03 6.534506769015182570e-01 5.571963231699085355e-03 5.211149535286849557e-03 9.999708981496738813e-01 1.551811802020085923e-02
9.991622844206903276e-01 -4.060352111477887049e-02 -5.107197304720460622e-03 1.939550654435899446e+01 4.057559839479443764e-02 9.991615691673161326e-01 -5.457060931569219890e-03 6.585476229850264485e-01 5.324491161791189593e-03 5.245261879850288307e-03 9.999720681207449058e-01 1.659902142553754123e-02
9.990993072905600680e-01 -4.020205937940760088e-02 -1.357823969362537304e-02 1.972482912896168727e+01 4.012213215679283351e-02 9.991761108748277165e-01 -6.108516042936831640e-03 6.800718194832715557e-01 1.381262765428102439e-02 5.558226219627214297e-03 9.998891525757120924e-01 7.292219673857014417e-04
9.990990526087178969e-01 -4.016941503823277110e-02 -1.369310672742257359e-02 1.972044655233627708e+01 4.008955007329541992e-02 9.991777260452620046e-01 -6.058031853679293234e-03 6.802242037699683941e-01 1.392519483824644286e-02 5.503623397876431476e-03 9.998878932551444887e-01 4.110741361430081398e-03
9.991608471683645076e-01 -4.009329269170421040e-02 -8.374327849653398839e-03 2.039102410224028716e+01 4.005711637866060659e-02 9.991875093837261357e-01 -4.443930576938316147e-03 7.028877824245675088e-01 8.545695596180754791e-03 4.104750014744462487e-03 9.999550600472472128e-01 8.630944908210938515e-03
9.991355955705737424e-01 -4.101005402794433152e-02 -6.799789148204059795e-03 2.073219751244370102e+01 4.099190971975949505e-02 9.991555924214797768e-01 -2.786659363624266039e-03 7.348638710081829561e-01 6.908328405774685592e-03 2.505514220050465615e-03 9.999729983340205353e-01 1.782444546228993676e-02
9.991329639028487808e-01 -4.107909763893497629e-02 -6.769651385367953488e-03 2.073443696747554199e+01 4.106184088390221060e-02 9.991530427874442122e-01 -2.668765972655280996e-03 7.280895567290713855e-01 6.873548278266801252e-03 2.388477708196673141e-03 9.999735244036732640e-01 1.821686036373539042e-02
9.991926010176874762e-01 -3.972228828567805209e-02 -6.023776627494735643e-03 2.108714221295753077e+01 3.971187379037837556e-02 9.992094804694566790e-01 -1.838809401646090145e-03 7.494259627073817098e-01 6.092056431577672244e-03 1.598109291634032146e-03 9.999801662508743805e-01 2.167817406571395308e-02
9.991383426104513132e-01 -4.110302603148700135e-02 -5.754439737744629357e-03 2.143102491200594528e+01 4.108971422015326308e-02 9.991525478421794393e-01 -2.412783825256130301e-03 7.526449325830030235e-01 5.848735841749682848e-03 2.174256547922694040e-03 9.999805322592622003e-01 2.240596788055852079e-02
9.991734358945310035e-01 -4.004869041030351129e-02 -6.967596367276437073e-03 2.177895411994985508e+01 4.003179046556862297e-02 9.991951569455552740e-01 -2.548350185500592759e-03 7.611968654903212839e-01 7.064046633370213955e-03 2.267318452885624773e-03 9.999724788773912687e-01 2.273025414965938740e-02
9.991175673696445214e-01 -4.145163626413275043e-02 -6.771146460519080791e-03 2.214254872780224659e+01 4.143494057986197437e-02 9.991378530553298720e-01 -2.587719291076574345e-03 7.857818503208031657e-01 6.872573936093616560e-03 2.304873751886777049e-03 9.999737272971129798e-01 2.026671313275942715e-02
9.991706894712579778e-01 -4.000407653288984983e-02 -7.589938226472049514e-03 2.250118860031752632e+01 3.998752930199365313e-02 9.991974865014572327e-01 -2.319583905034776350e-03 7.987107353380525909e-01 7.676640010653669986e-03 2.014157372448657779e-03 9.999685056881670864e-01 1.686178878450030408e-02
9.991230637802657188e-01 -4.134603924882843812e-02 -6.603670249898378752e-03 2.287338757856717919e+01 4.133593057037222157e-02 9.991439261162508023e-01 -1.660044844390323781e-03 8.165054766461107283e-01 6.666653299551525760e-03 1.385620235980462986e-03 9.999768176264614006e-01 1.906996424260432380e-02
9.991744081180691239e-01 -4.013938264365993214e-02 -6.271532738663906752e-03 2.324289020326316191e+01 4.013165907848842417e-02 9.991934849631940452e-01 -1.352607376600161891e-03 8.298704849771127989e-01 6.320767478262345231e-03 1.099803661162962161e-03 9.999794189534065847e-01 2.367312106775697200e-02
9.991430520814794658e-01 -4.104983292647449572e-02 -5.298367108323077945e-03 2.361154482698058743e+01 4.104458650119823665e-02 9.991567156543884609e-01 -1.095208510375315653e-03 8.399853779427832734e-01 5.338857204653886523e-03 8.768006866293333139e-04 9.999853638050429927e-01 2.373818184235990461e-02
9.991925876061734657e-01 -3.997905590952029187e-02 -3.980949819189645057e-03 2.397859625614934842e+01 3.997589455766110966e-02 9.992002651831164428e-01 -8.705815897640590325e-04 8.482591268295364140e-01 4.012571145065949203e-03 7.107366411873809742e-04 9.999916970286466533e-01 1.584010857700510547e-02
9.991475739086940200e-01 -4.115503259721299545e-02 -3.223173016317782812e-03 2.434276324257607271e+01 4.115235418897919550e-02 9.991524840317221878e-01 -8.929714127810142298e-04 8.687081554777412729e-01 3.257191593319312944e-03 7.595690630700995764e-04 9.999944068632398153e-01 2.114203439620528438e-02
9.992010735219907236e-01 -3.990208216173501965e-02 -2.244662927822806565e-03 2.473062475440513097e+01 3.990097967713095162e-02 9.992034962126492559e-01 -5.338325798426394328e-04 8.852843249192865471e-01 2.264176076760962292e-03 4.438418369947120861e-04 9.999973382520160881e-01 2.408206609175544272e-02
9.991671020475563214e-01 -4.073841134777649725e-02 -2.341799894849902822e-03 2.510955360448103235e+01 4.073752303843516248e-02 9.991697918311635007e-01 -4.258036664513796402e-04 9.087670535949377015e-01 2.357202278364705500e-03 3.300498882815962928e-04 9.999971673282330720e-01 1.938404688921026991e-02
9.992059193749117663e-01 -3.971019056774163086e-02 -3.260590623011630409e-03 2.549579930958341123e+01 3.970964008978668941e-02 9.992112339238808927e-01 -2.334186260722659638e-04 9.158021245252468967e-01 3.267287877863476585e-03 1.037563927438421146e-04 9.999946570179932825e-01 1.530930001226857295e-02
9.991620307901263320e-01 -4.072810041129189956e-02 -4.056853982875740887e-03 2.588461463592037148e+01 4.072648097879596335e-02 9.991702169071994266e-01 -4.810329550283214519e-04 9.262367180239065023e-01 4.073079232524323863e-03 3.154084776557316856e-04 9.999916552367114075e-01 2.065461578183272473e-02
9.991935818696157101e-01 -3.980245613718391695e-02 -5.286817191392365577e-03 2.627606140094885134e+01 3.979962128046213299e-02 9.992074759803064588e-01 -6.403834766175180333e-04 9.456683505929707190e-01 5.308116097019504286e-03 4.294537377751224579e-04 9.999858196359524554e-01 1.971386269390893939e-02
